{
  "nome": "grande_medio_s42",
  "n_entidades": 30,
  "n_locais": 10,
  "fator_cap": 1.5,
  "seed": 42,
  "custo_linear": [
    [
      64.3,
      3.48,
      28.23,
      23.1,
      73.91,
      67.99,
      89.33,
      9.61,
      42.77,
      3.95
    ],
    [
      22.65,
      51.03,
      3.63,
      20.68,
      65.34,
      54.95,
      22.82,
      59.34,
      81.13,
      1.64
    ],
    [
      80.78,
      70.12,
      34.68,
      16.39,
      95.76,
      34.32,
      10.18,
      10.57,
      84.9,
      60.77
    ],
    [
      80.91,
      73.24,
      54.09,
      97.34,
      38.47,
      55.65,
      83.11,
      62.23,
      86.31,
      58.16
    ],
    [
      70.75,
      5.54,
      23.56,
      29.65,
      8.9,
      24.05,
      11.0,
      28.52,
      63.93,
      37.12
    ],
    [
      37.65,
      21.74,
      27.43,
      93.73,
      65.16,
      61.3,
      17.94,
      73.18,
      17.18,
      38.57
    ],
    [
      98.96,
      64.36,
      56.14,
      68.78,
      84.44,
      77.82,
      23.68,
      4.18,
      32.23,
      27.51
    ],
    [
      21.89,
      94.35,
      87.76,
      32.15,
      65.89,
      40.17,
      91.54,
      46.43,
      27.22,
      25.42
    ],
    [
      56.58,
      27.01,
      58.87,
      89.88,
      40.54,
      22.71,
      99.76,
      51.44,
      10.0,
      5.66
    ],
    [
      11.86,
      63.12,
      79.42,
      42.79,
      7.29,
      38.78,
      99.62,
      53.38,
      97.14,
      86.22
    ],
    [
      2.14,
      72.35,
      68.49,
      54.16,
      27.42,
      64.46,
      12.04,
      44.04,
      45.92,
      95.43
    ],
    [
      87.71,
      27.08,
      50.56,
      18.69,
      91.35,
      87.18,
      30.55,
      64.26,
      61.29,
      16.13
    ],
    [
      76.49,
      54.4,
      78.08,
      53.51,
      1.06,
      33.09,
      2.93,
      92.98,
      87.99,
      83.33
    ],
    [
      31.44,
      6.73,
      87.92,
      94.75,
      9.48,
      49.11,
      7.85,
      76.3,
      76.82,
      13.71
    ],
    [
      48.05,
      55.43,
      27.24,
      87.37,
      42.89,
      21.97,
      54.39,
      73.26,
      20.91,
      31.86
    ],
    [
      99.52,
      65.34,
      44.37,
      52.24,
      12.98,
      23.25,
      34.47,
      59.24,
      23.78,
      22.8
    ],
    [
      8.03,
      63.48,
      23.67,
      90.64,
      86.1,
      8.01,
      24.56,
      67.23,
      22.21,
      14.1
    ],
    [
      93.62,
      57.53,
      47.79,
      78.68,
      80.94,
      19.85,
      10.6,
      43.67,
      42.93,
      47.24
    ],
    [
      73.18,
      67.66,
      98.43,
      10.74,
      40.86,
      34.59,
      86.31,
      25.62,
      19.83,
      45.41
    ],
    [
      42.77,
      28.58,
      25.73,
      92.4,
      44.87,
      86.27,
      55.48,
      6.01,
      99.93,
      83.77
    ],
    [
      96.93,
      92.71,
      85.02,
      17.46,
      49.08,
      22.16,
      40.7,
      6.8,
      38.52,
      98.55
    ],
    [
      27.26,
      78.62,
      46.05,
      42.88,
      95.77,
      99.55,
      56.02,
      72.12,
      16.32,
      30.37
    ],
    [
      96.9,
      58.34,
      54.68,
      75.05,
      6.66,
      58.83,
      50.78,
      85.42,
      16.59,
      96.12
    ],
    [
      8.93,
      19.4,
      59.91,
      67.85,
      24.29,
      12.87,
      89.14,
      25.38,
      59.86,
      62.32
    ],
    [
      42.5,
      58.78,
      52.76,
      93.54,
      21.22,
      71.9,
      24.63,
      40.18,
      67.5,
      30.7
    ],
    [
      32.3,
      75.43,
      8.18,
      46.37,
      99.85,
      99.61,
      8.25,
      22.1,
      27.25,
      93.39
    ],
    [
      88.21,
      88.05,
      37.58,
      16.62,
      83.54,
      70.65,
      61.56,
      98.74,
      65.74,
      1.77
    ],
    [
      81.89,
      30.64,
      66.68,
      93.95,
      14.29,
      12.43,
      11.6,
      55.77,
      27.96,
      60.88
    ],
    [
      72.04,
      21.16,
      63.79,
      27.13,
      49.36,
      90.63,
      84.76,
      10.14,
      42.93,
      28.39
    ],
    [
      1.35,
      77.34,
      64.07,
      26.93,
      74.38,
      55.62,
      43.34,
      1.96,
      8.45,
      88.43
    ]
  ],
  "fluxo": [
    [
      0.0,
      45.2,
      27.28,
      41.73,
      29.13,
      7.4,
      6.37,
      15.41,
      44.95,
      39.81,
      43.04,
      44.95,
      10.5,
      12.48,
      5.14,
      39.01,
      44.21,
      20.32,
      31.03,
      7.73,
      46.49,
      43.23,
      48.81,
      40.54,
      44.07,
      1.24,
      36.83,
      16.61,
      46.54,
      40.11
    ],
    [
      45.2,
      0.0,
      43.2,
      40.54,
      13.34,
      39.37,
      5.4,
      43.61,
      42.93,
      11.12,
      40.83,
      23.02,
      15.26,
      39.77,
      11.38,
      1.18,
      9.66,
      16.41,
      43.22,
      48.34,
      13.96,
      32.07,
      19.98,
      49.06,
      26.81,
      46.96,
      5.77,
      48.52,
      8.93,
      48.13
    ],
    [
      27.28,
      43.2,
      0.0,
      13.27,
      5.42,
      21.73,
      36.43,
      15.68,
      30.31,
      25.57,
      19.26,
      28.83,
      12.74,
      35.44,
      0.08,
      46.28,
      26.92,
      35.97,
      37.1,
      33.53,
      18.21,
      3.5,
      33.21,
      16.51,
      15.7,
      42.4,
      35.99,
      15.02,
      15.46,
      20.42
    ],
    [
      41.73,
      40.54,
      13.27,
      0.0,
      20.12,
      14.78,
      6.36,
      21.02,
      47.02,
      33.87,
      45.14,
      30.78,
      15.05,
      27.4,
      0.02,
      14.35,
      21.49,
      29.0,
      32.74,
      23.25,
      22.11,
      10.69,
      23.66,
      45.06,
      39.8,
      8.48,
      4.24,
      25.77,
      31.65,
      16.76
    ],
    [
      29.13,
      13.34,
      5.42,
      20.12,
      0.0,
      40.92,
      37.56,
      33.64,
      11.23,
      9.96,
      1.22,
      12.24,
      23.76,
      42.49,
      3.64,
      20.72,
      31.49,
      9.72,
      34.82,
      24.72,
      12.2,
      32.8,
      0.28,
      37.55,
      38.5,
      5.33,
      21.26,
      8.79,
      47.9,
      25.9
    ],
    [
      7.4,
      39.37,
      21.73,
      14.78,
      40.92,
      0.0,
      2.51,
      12.46,
      42.42,
      22.82,
      40.07,
      33.38,
      49.39,
      29.77,
      47.5,
      44.57,
      30.63,
      35.96,
      25.24,
      41.53,
      27.39,
      44.86,
      37.18,
      23.73,
      12.96,
      12.36,
      31.88,
      38.29,
      26.06,
      31.34
    ],
    [
      6.37,
      5.4,
      36.43,
      6.36,
      37.56,
      2.51,
      0.0,
      13.73,
      3.87,
      14.29,
      13.59,
      15.99,
      27.01,
      6.92,
      11.56,
      34.7,
      35.32,
      3.21,
      20.38,
      27.13,
      20.79,
      10.34,
      21.01,
      45.24,
      29.2,
      34.78,
      42.84,
      38.28,
      19.02,
      0.29
    ],
    [
      15.41,
      43.61,
      15.68,
      21.02,
      33.64,
      12.46,
      13.73,
      0.0,
      17.59,
      37.67,
      42.67,
      47.67,
      20.95,
      37.38,
      27.31,
      30.16,
      11.03,
      10.97,
      21.79,
      1.45,
      16.81,
      33.96,
      20.22,
      8.25,
      23.37,
      6.38,
      31.11,
      1.35,
      19.7,
      28.22
    ],
    [
      44.95,
      42.93,
      30.31,
      47.02,
      11.23,
      42.42,
      3.87,
      17.59,
      0.0,
      1.36,
      32.14,
      6.78,
      23.08,
      2.51,
      18.96,
      10.58,
      16.34,
      38.06,
      18.96,
      37.6,
      41.6,
      12.61,
      4.1,
      0.97,
      26.97,
      50.0,
      17.5,
      32.51,
      39.06,
      32.59
    ],
    [
      39.81,
      11.12,
      25.57,
      33.87,
      9.96,
      22.82,
      14.29,
      37.67,
      1.36,
      0.0,
      37.71,
      47.48,
      9.97,
      1.02,
      7.62,
      6.31,
      33.47,
      28.2,
      10.9,
      34.97,
      38.34,
      8.39,
      30.36,
      37.4,
      5.73,
      40.97,
      48.24,
      5.4,
      1.28,
      15.6
    ],
    [
      43.04,
      40.83,
      19.26,
      45.14,
      1.22,
      40.07,
      13.59,
      42.67,
      32.14,
      37.71,
      0.0,
      33.87,
      47.91,
      19.83,
      35.75,
      3.8,
      34.53,
      31.36,
      5.1,
      38.62,
      42.51,
      30.02,
      6.05,
      49.19,
      39.13,
      17.36,
      21.42,
      18.53,
      25.3,
      17.06
    ],
    [
      44.95,
      23.02,
      28.83,
      30.78,
      12.24,
      33.38,
      15.99,
      47.67,
      6.78,
      47.48,
      33.87,
      0.0,
      42.48,
      41.12,
      5.28,
      48.04,
      31.78,
      41.44,
      35.37,
      21.77,
      36.69,
      48.27,
      13.5,
      40.41,
      26.91,
      24.17,
      21.78,
      36.55,
      13.42,
      42.59
    ],
    [
      10.5,
      15.26,
      12.74,
      15.05,
      23.76,
      49.39,
      27.01,
      20.95,
      23.08,
      9.97,
      47.91,
      42.48,
      0.0,
      41.54,
      4.33,
      44.08,
      12.19,
      23.24,
      30.52,
      18.95,
      1.43,
      42.55,
      9.09,
      10.61,
      39.89,
      17.02,
      44.02,
      35.06,
      13.81,
      0.51
    ],
    [
      12.48,
      39.77,
      35.44,
      27.4,
      42.49,
      29.77,
      6.92,
      37.38,
      2.51,
      1.02,
      19.83,
      41.12,
      41.54,
      0.0,
      47.4,
      4.28,
      36.0,
      24.43,
      37.91,
      34.53,
      32.3,
      24.54,
      39.65,
      4.65,
      11.08,
      34.59,
      15.31,
      29.08,
      23.66,
      26.55
    ],
    [
      5.14,
      11.38,
      0.08,
      0.02,
      3.64,
      47.5,
      11.56,
      27.31,
      18.96,
      7.62,
      35.75,
      5.28,
      4.33,
      47.4,
      0.0,
      21.28,
      37.3,
      16.54,
      35.14,
      13.55,
      12.57,
      6.03,
      9.63,
      5.98,
      26.79,
      38.11,
      9.26,
      10.82,
      24.21,
      36.23
    ],
    [
      39.01,
      1.18,
      46.28,
      14.35,
      20.72,
      44.57,
      34.7,
      30.16,
      10.58,
      6.31,
      3.8,
      48.04,
      44.08,
      4.28,
      21.28,
      0.0,
      48.83,
      26.23,
      14.15,
      5.03,
      9.71,
      11.37,
      8.97,
      0.71,
      26.71,
      13.72,
      48.71,
      27.67,
      34.87,
      6.31
    ],
    [
      44.21,
      9.66,
      26.92,
      21.49,
      31.49,
      30.63,
      35.32,
      11.03,
      16.34,
      33.47,
      34.53,
      31.78,
      12.19,
      36.0,
      37.3,
      48.83,
      0.0,
      43.42,
      24.54,
      43.64,
      28.7,
      23.47,
      22.02,
      9.22,
      2.57,
      47.05,
      23.89,
      41.11,
      20.04,
      3.7
    ],
    [
      20.32,
      16.41,
      35.97,
      29.0,
      9.72,
      35.96,
      3.21,
      10.97,
      38.06,
      28.2,
      31.36,
      41.44,
      23.24,
      24.43,
      16.54,
      26.23,
      43.42,
      0.0,
      31.47,
      2.68,
      7.46,
      28.14,
      15.19,
      49.7,
      5.92,
      38.22,
      30.32,
      39.54,
      11.28,
      26.13
    ],
    [
      31.03,
      43.22,
      37.1,
      32.74,
      34.82,
      25.24,
      20.38,
      21.79,
      18.96,
      10.9,
      5.1,
      35.37,
      30.52,
      37.91,
      35.14,
      14.15,
      24.54,
      31.47,
      0.0,
      22.53,
      22.14,
      43.01,
      49.5,
      15.27,
      31.05,
      30.48,
      37.0,
      47.38,
      10.39,
      10.55
    ],
    [
      7.73,
      48.34,
      33.53,
      23.25,
      24.72,
      41.53,
      27.13,
      1.45,
      37.6,
      34.97,
      38.62,
      21.77,
      18.95,
      34.53,
      13.55,
      5.03,
      43.64,
      2.68,
      22.53,
      0.0,
      33.02,
      7.85,
      8.69,
      3.75,
      0.13,
      22.53,
      29.69,
      14.56,
      11.57,
      35.35
    ],
    [
      46.49,
      13.96,
      18.21,
      22.11,
      12.2,
      27.39,
      20.79,
      16.81,
      41.6,
      38.34,
      42.51,
      36.69,
      1.43,
      32.3,
      12.57,
      9.71,
      28.7,
      7.46,
      22.14,
      33.02,
      0.0,
      35.15,
      22.7,
      34.37,
      46.2,
      39.39,
      31.25,
      33.06,
      46.68,
      21.26
    ],
    [
      43.23,
      32.07,
      3.5,
      10.69,
      32.8,
      44.86,
      10.34,
      33.96,
      12.61,
      8.39,
      30.02,
      48.27,
      42.55,
      24.54,
      6.03,
      11.37,
      23.47,
      28.14,
      43.01,
      7.85,
      35.15,
      0.0,
      27.23,
      32.38,
      45.42,
      41.33,
      3.57,
      8.3,
      15.38,
      37.45
    ],
    [
      48.81,
      19.98,
      33.21,
      23.66,
      0.28,
      37.18,
      21.01,
      20.22,
      4.1,
      30.36,
      6.05,
      13.5,
      9.09,
      39.65,
      9.63,
      8.97,
      22.02,
      15.19,
      49.5,
      8.69,
      22.7,
      27.23,
      0.0,
      28.46,
      14.43,
      6.22,
      34.43,
      34.99,
      47.13,
      25.02
    ],
    [
      40.54,
      49.06,
      16.51,
      45.06,
      37.55,
      23.73,
      45.24,
      8.25,
      0.97,
      37.4,
      49.19,
      40.41,
      10.61,
      4.65,
      5.98,
      0.71,
      9.22,
      49.7,
      15.27,
      3.75,
      34.37,
      32.38,
      28.46,
      0.0,
      24.69,
      4.02,
      1.99,
      21.6,
      16.12,
      12.52
    ],
    [
      44.07,
      26.81,
      15.7,
      39.8,
      38.5,
      12.96,
      29.2,
      23.37,
      26.97,
      5.73,
      39.13,
      26.91,
      39.89,
      11.08,
      26.79,
      26.71,
      2.57,
      5.92,
      31.05,
      0.13,
      46.2,
      45.42,
      14.43,
      24.69,
      0.0,
      4.57,
      48.1,
      41.8,
      28.76,
      47.54
    ],
    [
      1.24,
      46.96,
      42.4,
      8.48,
      5.33,
      12.36,
      34.78,
      6.38,
      50.0,
      40.97,
      17.36,
      24.17,
      17.02,
      34.59,
      38.11,
      13.72,
      47.05,
      38.22,
      30.48,
      22.53,
      39.39,
      41.33,
      6.22,
      4.02,
      4.57,
      0.0,
      49.98,
      33.61,
      13.48,
      2.01
    ],
    [
      36.83,
      5.77,
      35.99,
      4.24,
      21.26,
      31.88,
      42.84,
      31.11,
      17.5,
      48.24,
      21.42,
      21.78,
      44.02,
      15.31,
      9.26,
      48.71,
      23.89,
      30.32,
      37.0,
      29.69,
      31.25,
      3.57,
      34.43,
      1.99,
      48.1,
      49.98,
      0.0,
      37.81,
      23.53,
      32.58
    ],
    [
      16.61,
      48.52,
      15.02,
      25.77,
      8.79,
      38.29,
      38.28,
      1.35,
      32.51,
      5.4,
      18.53,
      36.55,
      35.06,
      29.08,
      10.82,
      27.67,
      41.11,
      39.54,
      47.38,
      14.56,
      33.06,
      8.3,
      34.99,
      21.6,
      41.8,
      33.61,
      37.81,
      0.0,
      45.8,
      9.07
    ],
    [
      46.54,
      8.93,
      15.46,
      31.65,
      47.9,
      26.06,
      19.02,
      19.7,
      39.06,
      1.28,
      25.3,
      13.42,
      13.81,
      23.66,
      24.21,
      34.87,
      20.04,
      11.28,
      10.39,
      11.57,
      46.68,
      15.38,
      47.13,
      16.12,
      28.76,
      13.48,
      23.53,
      45.8,
      0.0,
      29.27
    ],
    [
      40.11,
      48.13,
      20.42,
      16.76,
      25.9,
      31.34,
      0.29,
      28.22,
      32.59,
      15.6,
      17.06,
      42.59,
      0.51,
      26.55,
      36.23,
      6.31,
      3.7,
      26.13,
      10.55,
      35.35,
      21.26,
      37.45,
      25.02,
      12.52,
      47.54,
      2.01,
      32.58,
      9.07,
      29.27,
      0.0
    ]
  ],
  "distancia": [
    [
      0.0,
      13.06,
      10.34,
      2.73,
      7.61,
      7.33,
      13.73,
      17.3,
      7.27,
      14.18
    ],
    [
      13.06,
      0.0,
      6.48,
      18.96,
      16.46,
      11.45,
      9.64,
      6.98,
      7.14,
      19.43
    ],
    [
      10.34,
      6.48,
      0.0,
      8.68,
      10.78,
      19.77,
      13.5,
      11.31,
      8.85,
      4.56
    ],
    [
      2.73,
      18.96,
      8.68,
      0.0,
      7.87,
      15.37,
      12.88,
      15.44,
      4.87,
      11.44
    ],
    [
      7.61,
      16.46,
      10.78,
      7.87,
      0.0,
      18.63,
      9.32,
      14.27,
      3.31,
      19.49
    ],
    [
      7.33,
      11.45,
      19.77,
      15.37,
      18.63,
      0.0,
      12.57,
      5.55,
      4.01,
      11.47
    ],
    [
      13.73,
      9.64,
      13.5,
      12.88,
      9.32,
      12.57,
      0.0,
      11.49,
      2.77,
      19.85
    ],
    [
      17.3,
      6.98,
      11.31,
      15.44,
      14.27,
      5.55,
      11.49,
      0.0,
      18.35,
      9.77
    ],
    [
      7.27,
      7.14,
      8.85,
      4.87,
      3.31,
      4.01,
      2.77,
      18.35,
      0.0,
      3.23
    ],
    [
      14.18,
      19.43,
      4.56,
      11.44,
      19.49,
      11.47,
      19.85,
      9.77,
      3.23,
      0.0
    ]
  ],
  "consumo": [
    [
      8.49,
      5.49,
      7.45,
      5.58,
      3.46,
      8.51,
      9.82,
      3.19,
      5.96,
      4.45
    ],
    [
      9.3,
      5.57,
      8.91,
      8.78,
      3.49,
      8.11,
      4.73,
      9.41,
      5.57,
      8.38
    ],
    [
      3.55,
      3.69,
      6.28,
      9.99,
      5.41,
      2.34,
      5.85,
      4.11,
      5.97,
      5.89
    ],
    [
      5.1,
      3.9,
      2.7,
      7.28,
      6.15,
      3.1,
      7.98,
      1.39,
      7.7,
      7.35
    ],
    [
      8.3,
      4.47,
      6.97,
      8.39,
      9.83,
      5.46,
      1.33,
      5.52,
      6.31,
      8.83
    ],
    [
      8.87,
      4.96,
      5.73,
      5.11,
      7.5,
      4.69,
      6.89,
      2.39,
      5.23,
      9.72
    ],
    [
      4.05,
      7.23,
      6.85,
      8.67,
      8.67,
      8.73,
      4.42,
      3.85,
      7.47,
      7.83
    ],
    [
      8.85,
      1.32,
      1.62,
      6.68,
      9.29,
      9.98,
      7.72,
      4.91,
      1.89,
      6.7
    ],
    [
      8.85,
      4.99,
      7.25,
      9.13,
      1.41,
      8.17,
      3.64,
      4.37,
      2.31,
      5.78
    ],
    [
      6.09,
      8.13,
      2.53,
      1.71,
      8.84,
      6.58,
      3.17,
      9.22,
      2.29,
      5.15
    ],
    [
      3.29,
      3.3,
      1.08,
      8.24,
      9.11,
      7.1,
      2.42,
      4.98,
      4.11,
      6.29
    ],
    [
      6.75,
      4.82,
      3.25,
      8.61,
      2.79,
      4.46,
      5.35,
      3.13,
      6.15,
      6.17
    ],
    [
      9.93,
      3.66,
      9.8,
      6.92,
      3.47,
      6.09,
      7.17,
      7.7,
      1.44,
      6.46
    ],
    [
      5.47,
      9.14,
      3.58,
      8.19,
      6.46,
      4.17,
      6.73,
      6.59,
      7.1,
      7.49
    ],
    [
      6.93,
      8.55,
      6.65,
      9.13,
      6.82,
      3.78,
      4.97,
      6.22,
      7.59,
      1.81
    ],
    [
      3.66,
      7.73,
      2.58,
      2.19,
      5.85,
      9.74,
      5.78,
      9.22,
      8.47,
      3.31
    ],
    [
      8.42,
      5.34,
      8.26,
      7.72,
      4.05,
      2.04,
      9.67,
      2.27,
      9.7,
      8.74
    ],
    [
      7.52,
      9.82,
      9.71,
      8.24,
      4.29,
      8.12,
      1.13,
      5.83,
      5.09,
      7.06
    ],
    [
      7.05,
      6.26,
      8.4,
      9.46,
      1.98,
      3.1,
      1.23,
      8.96,
      6.05,
      9.24
    ],
    [
      2.99,
      1.57,
      8.41,
      9.18,
      3.72,
      4.67,
      2.26,
      9.52,
      3.74,
      5.43
    ],
    [
      1.87,
      8.99,
      2.22,
      5.08,
      7.03,
      7.69,
      9.51,
      4.77,
      7.68,
      2.39
    ],
    [
      4.73,
      1.89,
      5.4,
      4.67,
      9.56,
      1.29,
      4.33,
      4.99,
      9.55,
      8.7
    ],
    [
      1.89,
      7.17,
      5.9,
      9.8,
      4.23,
      4.58,
      2.71,
      2.1,
      8.63,
      5.09
    ],
    [
      6.96,
      6.78,
      6.37,
      1.19,
      8.08,
      3.19,
      2.13,
      6.08,
      1.62,
      7.89
    ],
    [
      2.86,
      2.94,
      8.83,
      3.96,
      2.33,
      9.1,
      1.03,
      8.73,
      2.3,
      2.17
    ],
    [
      3.26,
      2.57,
      6.95,
      1.23,
      1.13,
      8.11,
      3.14,
      3.91,
      2.57,
      1.47
    ],
    [
      7.68,
      5.73,
      7.71,
      5.29,
      8.0,
      5.62,
      1.98,
      5.53,
      9.51,
      1.39
    ],
    [
      8.05,
      8.8,
      5.69,
      5.12,
      9.68,
      1.55,
      5.31,
      4.61,
      7.17,
      5.41
    ],
    [
      9.19,
      1.66,
      1.73,
      6.47,
      1.59,
      3.48,
      6.7,
      5.94,
      3.93,
      9.95
    ],
    [
      5.78,
      5.08,
      6.45,
      1.89,
      7.32,
      8.68,
      6.86,
      7.92,
      7.49,
      2.94
    ]
  ],
  "capacidade": [
    27.86,
    24.23,
    26.29,
    29.09,
    25.73,
    25.83,
    21.89,
    25.1,
    25.59,
    26.92
  ]
}