{
  "nome": "grande_apertado_s123",
  "n_entidades": 30,
  "n_locais": 10,
  "fator_cap": 1.1,
  "seed": 123,
  "custo_linear": [
    [
      6.18,
      9.63,
      41.32,
      11.66,
      90.22,
      4.78,
      54.08,
      33.89,
      85.36,
      16.81
    ],
    [
      34.38,
      34.05,
      25.27,
      1.17,
      44.19,
      9.67,
      60.16,
      7.92,
      32.23,
      45.38
    ],
    [
      90.63,
      10.18,
      15.08,
      79.22,
      3.1,
      91.2,
      57.77,
      27.27,
      83.95,
      77.11
    ],
    [
      35.0,
      80.35,
      21.48,
      61.28,
      53.18,
      81.12,
      32.21,
      40.43,
      77.16,
      51.76
    ],
    [
      68.8,
      64.2,
      67.0,
      89.12,
      49.13,
      67.18,
      38.08,
      4.15,
      75.66,
      18.97
    ],
    [
      82.2,
      91.45,
      66.15,
      17.84,
      34.35,
      39.73,
      8.26,
      46.22,
      57.74,
      34.27
    ],
    [
      19.72,
      9.73,
      63.2,
      2.27,
      35.84,
      23.68,
      53.67,
      72.64,
      91.01,
      64.24
    ],
    [
      99.19,
      96.44,
      63.37,
      24.1,
      48.9,
      18.58,
      99.2,
      45.01,
      75.41,
      5.37
    ],
    [
      14.34,
      20.12,
      26.38,
      35.85,
      27.92,
      43.99,
      42.62,
      11.75,
      7.2,
      36.15
    ],
    [
      9.79,
      43.89,
      1.85,
      54.04,
      8.27,
      69.73,
      41.02,
      98.55,
      26.99,
      47.78
    ],
    [
      75.33,
      34.15,
      35.49,
      64.27,
      97.0,
      88.5,
      42.48,
      72.05,
      68.23,
      37.84
    ],
    [
      24.26,
      8.76,
      88.01,
      6.66,
      52.35,
      54.22,
      15.47,
      65.94,
      91.67,
      77.84
    ],
    [
      39.54,
      13.52,
      97.52,
      52.19,
      63.33,
      80.43,
      39.24,
      7.14,
      14.47,
      67.18
    ],
    [
      35.6,
      87.24,
      74.28,
      98.06,
      67.21,
      31.08,
      79.32,
      3.8,
      52.64,
      87.27
    ],
    [
      51.96,
      14.6,
      50.51,
      55.0,
      37.53,
      89.45,
      34.67,
      27.9,
      51.12,
      21.12
    ],
    [
      32.88,
      40.42,
      93.89,
      8.96,
      20.51,
      20.75,
      99.53,
      89.19,
      20.22,
      56.9
    ],
    [
      9.42,
      32.39,
      34.77,
      54.23,
      93.01,
      81.09,
      53.88,
      78.82,
      48.91,
      73.33
    ],
    [
      77.92,
      26.43,
      83.44,
      58.22,
      49.13,
      40.19,
      23.19,
      50.62,
      13.48,
      63.84
    ],
    [
      89.93,
      79.26,
      61.31,
      49.95,
      69.88,
      13.11,
      6.19,
      86.3,
      36.82,
      67.23
    ],
    [
      42.66,
      36.51,
      77.26,
      34.96,
      75.62,
      82.23,
      18.89,
      97.75,
      7.18,
      42.06
    ],
    [
      50.55,
      83.11,
      18.31,
      56.34,
      37.48,
      92.25,
      13.11,
      27.28,
      82.16,
      32.9
    ],
    [
      94.48,
      6.11,
      39.45,
      11.64,
      57.78,
      96.35,
      33.14,
      65.04,
      27.33,
      44.48
    ],
    [
      57.58,
      25.59,
      69.36,
      50.6,
      90.64,
      28.23,
      95.53,
      19.04,
      2.97,
      66.36
    ],
    [
      73.64,
      48.25,
      5.23,
      99.82,
      15.01,
      87.18,
      89.26,
      22.86,
      86.53,
      46.88
    ],
    [
      90.06,
      88.86,
      77.66,
      29.58,
      58.43,
      98.15,
      32.74,
      39.26,
      69.11,
      7.2
    ],
    [
      26.08,
      17.63,
      42.19,
      43.07,
      61.1,
      50.18,
      17.31,
      5.62,
      52.95,
      76.62
    ],
    [
      92.76,
      84.12,
      30.97,
      86.7,
      47.27,
      28.96,
      10.12,
      44.83,
      54.95,
      28.65
    ],
    [
      20.33,
      94.15,
      7.71,
      94.0,
      41.23,
      79.36,
      11.98,
      57.43,
      76.41,
      44.17
    ],
    [
      36.29,
      49.83,
      20.25,
      21.95,
      24.89,
      4.72,
      91.09,
      8.27,
      92.79,
      2.08
    ],
    [
      65.97,
      55.15,
      5.14,
      94.21,
      73.35,
      88.03,
      44.13,
      29.85,
      19.41,
      12.16
    ]
  ],
  "fluxo": [
    [
      0.0,
      33.55,
      41.09,
      10.6,
      1.3,
      18.08,
      7.64,
      11.25,
      11.1,
      33.12,
      21.73,
      28.02,
      19.5,
      49.18,
      24.85,
      2.13,
      6.96,
      36.56,
      45.63,
      6.3,
      23.01,
      43.11,
      27.59,
      0.87,
      26.04,
      14.44,
      10.67,
      46.83,
      5.29,
      41.49
    ],
    [
      33.55,
      0.0,
      37.65,
      29.64,
      16.24,
      4.14,
      33.44,
      47.96,
      8.99,
      6.31,
      23.76,
      42.57,
      0.27,
      39.44,
      4.32,
      1.61,
      7.32,
      22.88,
      46.85,
      33.07,
      2.98,
      7.58,
      23.07,
      4.51,
      33.42,
      17.95,
      47.8,
      40.99,
      40.85,
      11.76
    ],
    [
      41.09,
      37.65,
      0.0,
      21.57,
      33.58,
      4.47,
      0.48,
      16.37,
      20.04,
      39.34,
      40.73,
      2.9,
      3.23,
      46.24,
      14.4,
      6.26,
      39.63,
      39.25,
      30.23,
      38.37,
      42.98,
      42.66,
      13.16,
      21.04,
      49.22,
      18.39,
      31.3,
      42.33,
      43.84,
      30.13
    ],
    [
      10.6,
      29.64,
      21.57,
      0.0,
      17.49,
      34.51,
      0.16,
      17.53,
      37.94,
      32.33,
      3.99,
      35.98,
      30.5,
      22.24,
      5.23,
      29.82,
      37.28,
      9.94,
      31.75,
      3.53,
      10.27,
      17.91,
      38.9,
      14.16,
      44.52,
      49.15,
      8.17,
      1.34,
      36.44,
      38.22
    ],
    [
      1.3,
      16.24,
      33.58,
      17.49,
      0.0,
      45.05,
      33.62,
      39.0,
      18.28,
      5.04,
      50.0,
      30.23,
      13.52,
      44.64,
      3.68,
      2.84,
      12.74,
      6.5,
      20.54,
      31.05,
      25.97,
      27.69,
      5.97,
      26.75,
      48.76,
      16.49,
      39.96,
      31.9,
      38.1,
      32.9
    ],
    [
      18.08,
      4.14,
      4.47,
      34.51,
      45.05,
      0.0,
      21.98,
      11.75,
      4.68,
      5.66,
      5.05,
      38.37,
      41.87,
      40.88,
      44.24,
      17.94,
      33.7,
      41.01,
      6.62,
      0.02,
      10.48,
      45.79,
      40.38,
      6.48,
      42.36,
      8.73,
      13.33,
      8.41,
      44.2,
      41.4
    ],
    [
      7.64,
      33.44,
      0.48,
      0.16,
      33.62,
      21.98,
      0.0,
      3.25,
      1.19,
      39.56,
      19.68,
      28.42,
      31.91,
      27.18,
      9.4,
      15.52,
      29.87,
      39.21,
      16.91,
      1.13,
      7.26,
      14.24,
      48.06,
      21.35,
      24.87,
      21.14,
      43.31,
      40.03,
      7.7,
      33.3
    ],
    [
      11.25,
      47.96,
      16.37,
      17.53,
      39.0,
      11.75,
      3.25,
      0.0,
      27.49,
      44.88,
      3.14,
      28.91,
      9.49,
      28.47,
      40.86,
      21.7,
      26.74,
      18.26,
      47.24,
      43.12,
      4.48,
      2.14,
      26.75,
      15.57,
      1.56,
      33.76,
      7.81,
      32.19,
      4.93,
      35.7
    ],
    [
      11.1,
      8.99,
      20.04,
      37.94,
      18.28,
      4.68,
      1.19,
      27.49,
      0.0,
      41.87,
      39.86,
      44.15,
      30.76,
      16.69,
      9.12,
      32.89,
      48.71,
      32.9,
      5.2,
      2.18,
      7.61,
      40.14,
      6.8,
      35.3,
      29.19,
      18.24,
      21.04,
      13.16,
      20.55,
      9.2
    ],
    [
      33.12,
      6.31,
      39.34,
      32.33,
      5.04,
      5.66,
      39.56,
      44.88,
      41.87,
      0.0,
      26.46,
      33.04,
      27.49,
      49.57,
      46.25,
      44.51,
      30.2,
      7.2,
      37.94,
      47.18,
      30.03,
      22.7,
      32.76,
      31.35,
      41.38,
      23.97,
      18.58,
      40.4,
      23.27,
      32.39
    ],
    [
      21.73,
      23.76,
      40.73,
      3.99,
      50.0,
      5.05,
      19.68,
      3.14,
      39.86,
      26.46,
      0.0,
      14.21,
      26.93,
      28.13,
      29.33,
      39.3,
      16.93,
      8.46,
      18.74,
      29.3,
      24.54,
      18.62,
      21.07,
      8.86,
      5.24,
      32.87,
      3.64,
      28.69,
      48.77,
      25.32
    ],
    [
      28.02,
      42.57,
      2.9,
      35.98,
      30.23,
      38.37,
      28.42,
      28.91,
      44.15,
      33.04,
      14.21,
      0.0,
      35.64,
      38.18,
      24.41,
      26.28,
      11.59,
      31.36,
      26.26,
      16.76,
      46.89,
      31.58,
      20.81,
      45.13,
      38.17,
      48.5,
      16.89,
      24.04,
      11.76,
      36.44
    ],
    [
      19.5,
      0.27,
      3.23,
      30.5,
      13.52,
      41.87,
      31.91,
      9.49,
      30.76,
      27.49,
      26.93,
      35.64,
      0.0,
      42.03,
      34.54,
      35.56,
      7.19,
      46.66,
      7.02,
      40.36,
      8.36,
      34.29,
      37.22,
      8.94,
      27.91,
      12.45,
      47.64,
      9.13,
      49.15,
      25.01
    ],
    [
      49.18,
      39.44,
      46.24,
      22.24,
      44.64,
      40.88,
      27.18,
      28.47,
      16.69,
      49.57,
      28.13,
      38.18,
      42.03,
      0.0,
      0.26,
      7.79,
      17.51,
      33.84,
      31.92,
      11.24,
      21.34,
      42.43,
      23.62,
      15.93,
      31.89,
      43.24,
      34.86,
      49.01,
      22.17,
      0.72
    ],
    [
      24.85,
      4.32,
      14.4,
      5.23,
      3.68,
      44.24,
      9.4,
      40.86,
      9.12,
      46.25,
      29.33,
      24.41,
      34.54,
      0.26,
      0.0,
      1.9,
      48.59,
      18.26,
      38.92,
      48.53,
      27.41,
      33.67,
      28.1,
      36.47,
      41.11,
      34.76,
      33.28,
      1.63,
      6.33,
      22.44
    ],
    [
      2.13,
      1.61,
      6.26,
      29.82,
      2.84,
      17.94,
      15.52,
      21.7,
      32.89,
      44.51,
      39.3,
      26.28,
      35.56,
      7.79,
      1.9,
      0.0,
      40.78,
      41.82,
      21.43,
      41.9,
      17.41,
      32.45,
      6.25,
      47.72,
      17.82,
      15.54,
      3.57,
      10.29,
      2.35,
      27.92
    ],
    [
      6.96,
      7.32,
      39.63,
      37.28,
      12.74,
      33.7,
      29.87,
      26.74,
      48.71,
      30.2,
      16.93,
      11.59,
      7.19,
      17.51,
      48.59,
      40.78,
      0.0,
      48.84,
      0.5,
      24.3,
      21.02,
      35.21,
      3.21,
      9.42,
      17.45,
      16.45,
      20.73,
      24.42,
      19.8,
      17.95
    ],
    [
      36.56,
      22.88,
      39.25,
      9.94,
      6.5,
      41.01,
      39.21,
      18.26,
      32.9,
      7.2,
      8.46,
      31.36,
      46.66,
      33.84,
      18.26,
      41.82,
      48.84,
      0.0,
      46.91,
      5.13,
      12.86,
      34.62,
      18.41,
      9.5,
      43.28,
      21.11,
      32.27,
      46.07,
      46.45,
      21.84
    ],
    [
      45.63,
      46.85,
      30.23,
      31.75,
      20.54,
      6.62,
      16.91,
      47.24,
      5.2,
      37.94,
      18.74,
      26.26,
      7.02,
      31.92,
      38.92,
      21.43,
      0.5,
      46.91,
      0.0,
      22.37,
      2.02,
      2.58,
      46.81,
      47.33,
      19.63,
      41.66,
      36.58,
      18.39,
      3.16,
      30.28
    ],
    [
      6.3,
      33.07,
      38.37,
      3.53,
      31.05,
      0.02,
      1.13,
      43.12,
      2.18,
      47.18,
      29.3,
      16.76,
      40.36,
      11.24,
      48.53,
      41.9,
      24.3,
      5.13,
      22.37,
      0.0,
      6.05,
      22.22,
      25.0,
      1.65,
      10.23,
      14.35,
      35.15,
      7.59,
      30.25,
      18.03
    ],
    [
      23.01,
      2.98,
      42.98,
      10.27,
      25.97,
      10.48,
      7.26,
      4.48,
      7.61,
      30.03,
      24.54,
      46.89,
      8.36,
      21.34,
      27.41,
      17.41,
      21.02,
      12.86,
      2.02,
      6.05,
      0.0,
      26.72,
      43.28,
      30.78,
      41.92,
      10.4,
      12.04,
      23.79,
      11.08,
      15.61
    ],
    [
      43.11,
      7.58,
      42.66,
      17.91,
      27.69,
      45.79,
      14.24,
      2.14,
      40.14,
      22.7,
      18.62,
      31.58,
      34.29,
      42.43,
      33.67,
      32.45,
      35.21,
      34.62,
      2.58,
      22.22,
      26.72,
      0.0,
      38.83,
      9.84,
      24.12,
      16.54,
      31.32,
      23.16,
      45.5,
      21.82
    ],
    [
      27.59,
      23.07,
      13.16,
      38.9,
      5.97,
      40.38,
      48.06,
      26.75,
      6.8,
      32.76,
      21.07,
      20.81,
      37.22,
      23.62,
      28.1,
      6.25,
      3.21,
      18.41,
      46.81,
      25.0,
      43.28,
      38.83,
      0.0,
      45.68,
      3.97,
      19.68,
      23.3,
      4.93,
      43.58,
      42.22
    ],
    [
      0.87,
      4.51,
      21.04,
      14.16,
      26.75,
      6.48,
      21.35,
      15.57,
      35.3,
      31.35,
      8.86,
      45.13,
      8.94,
      15.93,
      36.47,
      47.72,
      9.42,
      9.5,
      47.33,
      1.65,
      30.78,
      9.84,
      45.68,
      0.0,
      19.14,
      28.19,
      26.52,
      11.66,
      2.87,
      34.81
    ],
    [
      26.04,
      33.42,
      49.22,
      44.52,
      48.76,
      42.36,
      24.87,
      1.56,
      29.19,
      41.38,
      5.24,
      38.17,
      27.91,
      31.89,
      41.11,
      17.82,
      17.45,
      43.28,
      19.63,
      10.23,
      41.92,
      24.12,
      3.97,
      19.14,
      0.0,
      39.5,
      22.21,
      30.48,
      30.37,
      38.85
    ],
    [
      14.44,
      17.95,
      18.39,
      49.15,
      16.49,
      8.73,
      21.14,
      33.76,
      18.24,
      23.97,
      32.87,
      48.5,
      12.45,
      43.24,
      34.76,
      15.54,
      16.45,
      21.11,
      41.66,
      14.35,
      10.4,
      16.54,
      19.68,
      28.19,
      39.5,
      0.0,
      8.75,
      26.01,
      45.4,
      20.86
    ],
    [
      10.67,
      47.8,
      31.3,
      8.17,
      39.96,
      13.33,
      43.31,
      7.81,
      21.04,
      18.58,
      3.64,
      16.89,
      47.64,
      34.86,
      33.28,
      3.57,
      20.73,
      32.27,
      36.58,
      35.15,
      12.04,
      31.32,
      23.3,
      26.52,
      22.21,
      8.75,
      0.0,
      36.82,
      4.14,
      19.28
    ],
    [
      46.83,
      40.99,
      42.33,
      1.34,
      31.9,
      8.41,
      40.03,
      32.19,
      13.16,
      40.4,
      28.69,
      24.04,
      9.13,
      49.01,
      1.63,
      10.29,
      24.42,
      46.07,
      18.39,
      7.59,
      23.79,
      23.16,
      4.93,
      11.66,
      30.48,
      26.01,
      36.82,
      0.0,
      3.16,
      23.29
    ],
    [
      5.29,
      40.85,
      43.84,
      36.44,
      38.1,
      44.2,
      7.7,
      4.93,
      20.55,
      23.27,
      48.77,
      11.76,
      49.15,
      22.17,
      6.33,
      2.35,
      19.8,
      46.45,
      3.16,
      30.25,
      11.08,
      45.5,
      43.58,
      2.87,
      30.37,
      45.4,
      4.14,
      3.16,
      0.0,
      31.63
    ],
    [
      41.49,
      11.76,
      30.13,
      38.22,
      32.9,
      41.4,
      33.3,
      35.7,
      9.2,
      32.39,
      25.32,
      36.44,
      25.01,
      0.72,
      22.44,
      27.92,
      17.95,
      21.84,
      30.28,
      18.03,
      15.61,
      21.82,
      42.22,
      34.81,
      38.85,
      20.86,
      19.28,
      23.29,
      31.63,
      0.0
    ]
  ],
  "distancia": [
    [
      0.0,
      3.56,
      4.2,
      14.29,
      3.44,
      19.33,
      16.17,
      8.9,
      4.05,
      6.1
    ],
    [
      3.56,
      0.0,
      5.41,
      16.51,
      6.64,
      12.17,
      1.93,
      17.48,
      18.66,
      15.59
    ],
    [
      4.2,
      5.41,
      0.0,
      12.61,
      1.49,
      4.01,
      7.33,
      13.65,
      4.06,
      1.75
    ],
    [
      14.29,
      16.51,
      12.61,
      0.0,
      5.62,
      7.6,
      2.59,
      18.34,
      9.27,
      2.8
    ],
    [
      3.44,
      6.64,
      1.49,
      5.62,
      0.0,
      11.57,
      1.96,
      13.48,
      13.43,
      8.87
    ],
    [
      19.33,
      12.17,
      4.01,
      7.6,
      11.57,
      0.0,
      3.96,
      13.77,
      4.25,
      15.53
    ],
    [
      16.17,
      1.93,
      7.33,
      2.59,
      1.96,
      3.96,
      0.0,
      12.06,
      15.02,
      19.18
    ],
    [
      8.9,
      17.48,
      13.65,
      18.34,
      13.48,
      13.77,
      12.06,
      0.0,
      12.69,
      6.91
    ],
    [
      4.05,
      18.66,
      4.06,
      9.27,
      13.43,
      4.25,
      15.02,
      12.69,
      0.0,
      9.21
    ],
    [
      6.1,
      15.59,
      1.75,
      2.8,
      8.87,
      15.53,
      19.18,
      6.91,
      9.21,
      0.0
    ]
  ],
  "consumo": [
    [
      6.41,
      9.23,
      2.29,
      3.06,
      7.7,
      8.12,
      5.55,
      9.9,
      6.29,
      9.49
    ],
    [
      2.78,
      5.76,
      3.09,
      9.07,
      2.07,
      3.72,
      2.59,
      1.15,
      7.47,
      6.64
    ],
    [
      7.02,
      3.08,
      6.74,
      3.09,
      6.58,
      9.28,
      9.96,
      1.7,
      3.41,
      6.05
    ],
    [
      3.39,
      9.69,
      6.56,
      9.84,
      1.08,
      7.41,
      1.81,
      5.62,
      9.79,
      1.64
    ],
    [
      5.18,
      5.54,
      4.92,
      3.79,
      7.85,
      6.73,
      2.27,
      4.01,
      4.97,
      7.74
    ],
    [
      5.21,
      3.72,
      7.27,
      5.32,
      4.16,
      8.66,
      3.08,
      4.23,
      9.33,
      3.29
    ],
    [
      6.17,
      1.83,
      1.08,
      7.42,
      4.37,
      5.05,
      4.49,
      2.61,
      2.61,
      7.08
    ],
    [
      2.86,
      5.08,
      2.29,
      8.0,
      5.94,
      7.63,
      4.85,
      4.4,
      3.33,
      6.16
    ],
    [
      8.52,
      9.75,
      4.56,
      7.32,
      7.19,
      1.05,
      9.29,
      9.85,
      3.03,
      6.38
    ],
    [
      2.39,
      6.39,
      5.0,
      7.42,
      3.88,
      7.4,
      6.87,
      4.03,
      9.84,
      1.49
    ],
    [
      1.21,
      2.2,
      3.44,
      5.42,
      7.03,
      6.88,
      2.43,
      5.78,
      2.56,
      3.49
    ],
    [
      4.61,
      5.27,
      4.44,
      4.77,
      9.76,
      7.25,
      3.93,
      2.22,
      3.09,
      7.92
    ],
    [
      10.0,
      3.72,
      1.83,
      4.3,
      9.68,
      3.5,
      7.89,
      5.89,
      5.33,
      1.36
    ],
    [
      3.15,
      5.18,
      4.85,
      1.93,
      5.45,
      9.19,
      6.59,
      6.6,
      8.07,
      9.79
    ],
    [
      2.18,
      2.74,
      1.18,
      9.63,
      1.65,
      5.84,
      5.32,
      6.64,
      3.62,
      9.39
    ],
    [
      3.92,
      4.53,
      6.65,
      2.79,
      6.6,
      8.44,
      1.31,
      7.1,
      8.94,
      6.64
    ],
    [
      3.69,
      8.75,
      3.58,
      5.85,
      4.52,
      2.14,
      2.37,
      9.55,
      6.7,
      9.61
    ],
    [
      1.96,
      4.94,
      1.51,
      7.76,
      4.33,
      7.82,
      6.08,
      6.83,
      4.52,
      7.53
    ],
    [
      7.74,
      6.9,
      2.54,
      2.76,
      7.92,
      8.73,
      3.73,
      4.71,
      4.99,
      6.63
    ],
    [
      2.82,
      3.98,
      9.3,
      6.25,
      7.89,
      3.29,
      6.64,
      4.32,
      6.26,
      2.42
    ],
    [
      5.47,
      1.58,
      2.2,
      6.76,
      7.66,
      7.0,
      4.54,
      5.44,
      2.9,
      3.96
    ],
    [
      2.89,
      3.05,
      8.85,
      2.14,
      3.23,
      2.23,
      6.24,
      4.44,
      7.74,
      9.29
    ],
    [
      1.57,
      9.73,
      6.33,
      7.35,
      9.09,
      9.6,
      7.01,
      3.22,
      8.77,
      4.07
    ],
    [
      2.83,
      4.52,
      6.06,
      9.18,
      5.84,
      3.8,
      7.97,
      9.81,
      7.24,
      8.56
    ],
    [
      4.81,
      3.95,
      4.22,
      7.52,
      6.25,
      1.34,
      7.83,
      6.75,
      8.0,
      9.85
    ],
    [
      7.44,
      1.17,
      1.17,
      9.41,
      1.51,
      1.56,
      7.44,
      1.86,
      4.02,
      2.71
    ],
    [
      3.3,
      2.71,
      3.22,
      1.21,
      1.63,
      2.96,
      3.97,
      2.24,
      2.48,
      9.58
    ],
    [
      7.68,
      6.23,
      7.03,
      3.14,
      4.81,
      5.15,
      6.94,
      4.16,
      8.83,
      8.88
    ],
    [
      2.28,
      5.06,
      5.8,
      8.39,
      2.26,
      3.01,
      2.48,
      8.84,
      3.39,
      6.62
    ],
    [
      1.85,
      3.11,
      7.13,
      4.35,
      4.27,
      8.91,
      3.15,
      9.25,
      1.13,
      1.57
    ]
  ],
  "capacidade": [
    14.45,
    16.43,
    14.86,
    19.28,
    17.84,
    19.11,
    17.01,
    17.95,
    18.55,
    20.44
  ]
}