{
  "nome": "grande_folgado_s456",
  "n_entidades": 30,
  "n_locais": 10,
  "fator_cap": 2.0,
  "seed": 456,
  "custo_linear": [
    [
      75.07,
      96.69,
      44.09,
      79.64,
      65.17,
      62.12,
      82.4,
      79.17,
      88.76,
      33.32
    ],
    [
      98.67,
      12.38,
      48.38,
      47.28,
      27.05,
      13.53,
      19.32,
      39.66,
      52.57,
      78.77
    ],
    [
      71.36,
      93.64,
      58.4,
      70.13,
      95.9,
      81.49,
      8.33,
      53.78,
      36.93,
      98.61
    ],
    [
      72.75,
      65.02,
      87.27,
      20.85,
      79.99,
      13.78,
      45.2,
      68.66,
      37.69,
      86.65
    ],
    [
      32.05,
      97.49,
      82.03,
      70.43,
      69.09,
      78.66,
      40.19,
      72.35,
      59.55,
      89.11
    ],
    [
      46.77,
      4.56,
      24.94,
      55.02,
      14.76,
      78.77,
      94.75,
      22.34,
      62.35,
      83.59
    ],
    [
      89.49,
      78.08,
      54.45,
      32.73,
      78.39,
      14.92,
      18.74,
      18.03,
      86.49,
      30.72
    ],
    [
      53.17,
      81.21,
      1.93,
      72.26,
      1.13,
      29.49,
      17.84,
      94.43,
      25.01,
      35.36
    ],
    [
      64.81,
      93.4,
      39.21,
      27.9,
      31.26,
      5.66,
      8.61,
      44.09,
      40.98,
      74.58
    ],
    [
      2.27,
      55.66,
      1.02,
      37.59,
      97.6,
      72.42,
      3.14,
      87.58,
      95.16,
      26.23
    ],
    [
      31.6,
      9.57,
      72.27,
      87.97,
      85.44,
      62.06,
      54.2,
      71.34,
      3.24,
      78.74
    ],
    [
      65.24,
      49.22,
      12.74,
      61.08,
      8.38,
      39.1,
      74.11,
      81.98,
      19.14,
      27.73
    ],
    [
      48.8,
      48.82,
      24.09,
      15.4,
      85.42,
      37.93,
      9.07,
      48.99,
      27.63,
      7.56
    ],
    [
      64.12,
      16.04,
      78.13,
      42.09,
      48.64,
      86.69,
      28.15,
      84.48,
      69.58,
      4.63
    ],
    [
      23.59,
      3.47,
      98.49,
      15.53,
      57.29,
      9.56,
      6.6,
      5.85,
      96.79,
      48.24
    ],
    [
      56.29,
      18.48,
      19.45,
      64.81,
      38.59,
      91.53,
      66.66,
      56.89,
      78.9,
      76.61
    ],
    [
      17.83,
      80.8,
      16.02,
      49.67,
      96.29,
      62.83,
      16.97,
      69.77,
      73.75,
      38.1
    ],
    [
      84.38,
      5.19,
      73.42,
      67.04,
      9.14,
      58.24,
      68.37,
      95.78,
      61.94,
      41.12
    ],
    [
      20.34,
      55.6,
      5.34,
      60.56,
      40.4,
      26.06,
      27.86,
      39.48,
      77.32,
      9.79
    ],
    [
      32.47,
      2.33,
      54.13,
      14.35,
      12.82,
      90.88,
      49.69,
      26.73,
      57.83,
      73.72
    ],
    [
      32.33,
      95.19,
      27.67,
      53.88,
      13.45,
      13.65,
      21.25,
      47.63,
      14.32,
      50.33
    ],
    [
      80.89,
      37.7,
      86.94,
      54.53,
      94.21,
      31.6,
      2.29,
      73.6,
      41.43,
      19.02
    ],
    [
      50.75,
      68.14,
      70.2,
      80.29,
      73.56,
      87.91,
      75.53,
      30.05,
      42.95,
      88.56
    ],
    [
      37.72,
      98.95,
      5.05,
      26.26,
      15.33,
      93.84,
      75.24,
      45.14,
      11.41,
      56.63
    ],
    [
      84.57,
      29.65,
      45.32,
      88.04,
      3.92,
      9.85,
      61.32,
      80.87,
      2.19,
      79.94
    ],
    [
      55.17,
      16.17,
      27.03,
      26.03,
      31.13,
      80.78,
      57.42,
      86.94,
      77.24,
      5.71
    ],
    [
      6.55,
      4.15,
      11.32,
      4.93,
      35.37,
      7.42,
      59.91,
      36.44,
      50.57,
      48.84
    ],
    [
      65.29,
      81.39,
      82.86,
      70.96,
      48.76,
      52.3,
      77.01,
      43.5,
      91.69,
      51.48
    ],
    [
      79.26,
      96.85,
      40.99,
      72.94,
      84.24,
      80.35,
      45.16,
      8.66,
      66.56,
      54.61
    ],
    [
      15.15,
      97.28,
      47.76,
      69.81,
      91.39,
      33.66,
      50.85,
      60.42,
      81.13,
      14.15
    ]
  ],
  "fluxo": [
    [
      0.0,
      40.95,
      25.23,
      1.0,
      3.54,
      39.32,
      7.92,
      5.6,
      30.67,
      8.27,
      35.22,
      27.08,
      8.69,
      36.27,
      4.7,
      27.07,
      8.01,
      8.87,
      32.72,
      41.95,
      33.34,
      7.3,
      10.5,
      48.44,
      47.24,
      11.1,
      9.4,
      41.11,
      48.13,
      41.9
    ],
    [
      40.95,
      0.0,
      48.34,
      9.55,
      0.69,
      49.62,
      13.19,
      36.7,
      1.96,
      11.08,
      45.0,
      9.93,
      42.38,
      38.78,
      8.29,
      40.64,
      12.35,
      10.95,
      15.8,
      28.58,
      34.66,
      31.66,
      30.17,
      22.63,
      37.1,
      42.23,
      29.69,
      37.79,
      22.28,
      32.18
    ],
    [
      25.23,
      48.34,
      0.0,
      26.67,
      7.36,
      34.38,
      36.87,
      25.74,
      49.73,
      28.44,
      23.35,
      3.01,
      28.32,
      42.31,
      20.03,
      14.63,
      23.74,
      24.83,
      4.23,
      42.08,
      14.63,
      32.83,
      46.85,
      27.14,
      42.53,
      6.58,
      12.65,
      39.2,
      13.93,
      26.84
    ],
    [
      1.0,
      9.55,
      26.67,
      0.0,
      30.2,
      46.48,
      0.54,
      20.6,
      34.73,
      6.87,
      24.63,
      24.51,
      47.63,
      16.33,
      30.36,
      33.71,
      13.28,
      34.65,
      34.65,
      21.48,
      6.3,
      20.48,
      17.28,
      35.84,
      10.27,
      19.47,
      7.69,
      7.09,
      12.32,
      39.18
    ],
    [
      3.54,
      0.69,
      7.36,
      30.2,
      0.0,
      17.44,
      42.82,
      0.92,
      8.73,
      10.03,
      10.47,
      11.46,
      19.7,
      6.09,
      42.29,
      29.48,
      11.36,
      43.69,
      0.48,
      34.88,
      1.25,
      33.51,
      31.76,
      28.31,
      40.9,
      4.51,
      44.74,
      48.51,
      12.73,
      23.22
    ],
    [
      39.32,
      49.62,
      34.38,
      46.48,
      17.44,
      0.0,
      36.44,
      13.6,
      39.7,
      31.69,
      13.72,
      23.56,
      30.8,
      18.87,
      20.5,
      5.91,
      9.91,
      7.85,
      49.29,
      23.5,
      18.17,
      0.95,
      35.92,
      8.64,
      30.75,
      44.46,
      25.59,
      23.52,
      22.77,
      28.6
    ],
    [
      7.92,
      13.19,
      36.87,
      0.54,
      42.82,
      36.44,
      0.0,
      49.67,
      0.43,
      19.27,
      45.56,
      0.16,
      5.65,
      28.4,
      47.91,
      15.13,
      44.13,
      15.7,
      7.25,
      21.54,
      9.52,
      28.22,
      46.06,
      6.26,
      6.12,
      21.13,
      15.77,
      31.43,
      15.54,
      17.9
    ],
    [
      5.6,
      36.7,
      25.74,
      20.6,
      0.92,
      13.6,
      49.67,
      0.0,
      4.28,
      39.71,
      8.51,
      13.5,
      36.48,
      1.57,
      24.77,
      12.04,
      35.57,
      8.44,
      2.21,
      18.22,
      41.23,
      22.85,
      35.67,
      45.15,
      10.05,
      20.7,
      35.06,
      12.97,
      32.07,
      46.6
    ],
    [
      30.67,
      1.96,
      49.73,
      34.73,
      8.73,
      39.7,
      0.43,
      4.28,
      0.0,
      44.73,
      23.72,
      15.81,
      41.65,
      48.51,
      4.12,
      49.91,
      40.77,
      41.55,
      12.66,
      27.53,
      27.87,
      36.35,
      8.42,
      23.73,
      14.41,
      46.93,
      16.74,
      6.41,
      3.01,
      8.62
    ],
    [
      8.27,
      11.08,
      28.44,
      6.87,
      10.03,
      31.69,
      19.27,
      39.71,
      44.73,
      0.0,
      5.56,
      9.28,
      19.43,
      8.08,
      21.71,
      35.6,
      10.31,
      34.48,
      32.66,
      45.71,
      10.66,
      47.64,
      36.09,
      6.41,
      13.38,
      24.45,
      20.06,
      17.28,
      46.83,
      18.47
    ],
    [
      35.22,
      45.0,
      23.35,
      24.63,
      10.47,
      13.72,
      45.56,
      8.51,
      23.72,
      5.56,
      0.0,
      48.85,
      9.91,
      3.37,
      30.21,
      20.48,
      44.54,
      20.17,
      31.95,
      3.46,
      41.09,
      12.39,
      49.33,
      19.47,
      1.22,
      28.44,
      13.62,
      37.21,
      1.79,
      30.6
    ],
    [
      27.08,
      9.93,
      3.01,
      24.51,
      11.46,
      23.56,
      0.16,
      13.5,
      15.81,
      9.28,
      48.85,
      0.0,
      45.82,
      16.33,
      25.94,
      42.99,
      15.76,
      1.68,
      9.87,
      12.66,
      13.12,
      45.37,
      31.23,
      22.88,
      4.04,
      10.08,
      10.31,
      23.61,
      32.57,
      44.79
    ],
    [
      8.69,
      42.38,
      28.32,
      47.63,
      19.7,
      30.8,
      5.65,
      36.48,
      41.65,
      19.43,
      9.91,
      45.82,
      0.0,
      24.78,
      30.96,
      41.55,
      10.1,
      45.61,
      0.6,
      11.77,
      14.11,
      2.99,
      11.98,
      4.93,
      8.62,
      41.15,
      18.13,
      42.46,
      22.99,
      31.04
    ],
    [
      36.27,
      38.78,
      42.31,
      16.33,
      6.09,
      18.87,
      28.4,
      1.57,
      48.51,
      8.08,
      3.37,
      16.33,
      24.78,
      0.0,
      26.64,
      18.49,
      30.31,
      45.98,
      31.28,
      28.06,
      14.58,
      16.43,
      14.9,
      7.28,
      26.55,
      34.71,
      31.06,
      49.0,
      21.69,
      27.56
    ],
    [
      4.7,
      8.29,
      20.03,
      30.36,
      42.29,
      20.5,
      47.91,
      24.77,
      4.12,
      21.71,
      30.21,
      25.94,
      30.96,
      26.64,
      0.0,
      6.77,
      26.51,
      6.0,
      2.51,
      36.08,
      7.61,
      8.84,
      25.51,
      38.29,
      36.43,
      30.69,
      35.53,
      44.94,
      8.52,
      24.73
    ],
    [
      27.07,
      40.64,
      14.63,
      33.71,
      29.48,
      5.91,
      15.13,
      12.04,
      49.91,
      35.6,
      20.48,
      42.99,
      41.55,
      18.49,
      6.77,
      0.0,
      34.35,
      25.76,
      2.28,
      40.81,
      43.39,
      41.2,
      30.82,
      13.02,
      6.88,
      17.93,
      43.39,
      47.33,
      18.99,
      36.24
    ],
    [
      8.01,
      12.35,
      23.74,
      13.28,
      11.36,
      9.91,
      44.13,
      35.57,
      40.77,
      10.31,
      44.54,
      15.76,
      10.1,
      30.31,
      26.51,
      34.35,
      0.0,
      31.17,
      20.93,
      5.0,
      17.25,
      7.46,
      5.54,
      9.56,
      4.27,
      11.8,
      19.42,
      15.79,
      12.91,
      22.82
    ],
    [
      8.87,
      10.95,
      24.83,
      34.65,
      43.69,
      7.85,
      15.7,
      8.44,
      41.55,
      34.48,
      20.17,
      1.68,
      45.61,
      45.98,
      6.0,
      25.76,
      31.17,
      0.0,
      5.48,
      44.38,
      35.04,
      26.04,
      29.81,
      34.6,
      43.24,
      37.63,
      29.36,
      48.04,
      42.68,
      5.48
    ],
    [
      32.72,
      15.8,
      4.23,
      34.65,
      0.48,
      49.29,
      7.25,
      2.21,
      12.66,
      32.66,
      31.95,
      9.87,
      0.6,
      31.28,
      2.51,
      2.28,
      20.93,
      5.48,
      0.0,
      37.76,
      18.05,
      5.08,
      30.91,
      16.13,
      11.91,
      16.2,
      12.57,
      25.57,
      38.75,
      28.36
    ],
    [
      41.95,
      28.58,
      42.08,
      21.48,
      34.88,
      23.5,
      21.54,
      18.22,
      27.53,
      45.71,
      3.46,
      12.66,
      11.77,
      28.06,
      36.08,
      40.81,
      5.0,
      44.38,
      37.76,
      0.0,
      48.36,
      22.89,
      23.54,
      33.22,
      16.89,
      10.28,
      27.24,
      35.27,
      34.04,
      19.83
    ],
    [
      33.34,
      34.66,
      14.63,
      6.3,
      1.25,
      18.17,
      9.52,
      41.23,
      27.87,
      10.66,
      41.09,
      13.12,
      14.11,
      14.58,
      7.61,
      43.39,
      17.25,
      35.04,
      18.05,
      48.36,
      0.0,
      11.45,
      32.12,
      22.24,
      14.04,
      21.19,
      38.42,
      17.87,
      36.74,
      22.04
    ],
    [
      7.3,
      31.66,
      32.83,
      20.48,
      33.51,
      0.95,
      28.22,
      22.85,
      36.35,
      47.64,
      12.39,
      45.37,
      2.99,
      16.43,
      8.84,
      41.2,
      7.46,
      26.04,
      5.08,
      22.89,
      11.45,
      0.0,
      23.96,
      18.42,
      23.27,
      8.62,
      42.39,
      12.01,
      29.12,
      45.8
    ],
    [
      10.5,
      30.17,
      46.85,
      17.28,
      31.76,
      35.92,
      46.06,
      35.67,
      8.42,
      36.09,
      49.33,
      31.23,
      11.98,
      14.9,
      25.51,
      30.82,
      5.54,
      29.81,
      30.91,
      23.54,
      32.12,
      23.96,
      0.0,
      23.01,
      46.32,
      17.41,
      46.94,
      1.69,
      0.95,
      49.95
    ],
    [
      48.44,
      22.63,
      27.14,
      35.84,
      28.31,
      8.64,
      6.26,
      45.15,
      23.73,
      6.41,
      19.47,
      22.88,
      4.93,
      7.28,
      38.29,
      13.02,
      9.56,
      34.6,
      16.13,
      33.22,
      22.24,
      18.42,
      23.01,
      0.0,
      13.06,
      2.05,
      14.43,
      5.57,
      6.08,
      44.33
    ],
    [
      47.24,
      37.1,
      42.53,
      10.27,
      40.9,
      30.75,
      6.12,
      10.05,
      14.41,
      13.38,
      1.22,
      4.04,
      8.62,
      26.55,
      36.43,
      6.88,
      4.27,
      43.24,
      11.91,
      16.89,
      14.04,
      23.27,
      46.32,
      13.06,
      0.0,
      44.98,
      20.12,
      36.45,
      42.79,
      25.13
    ],
    [
      11.1,
      42.23,
      6.58,
      19.47,
      4.51,
      44.46,
      21.13,
      20.7,
      46.93,
      24.45,
      28.44,
      10.08,
      41.15,
      34.71,
      30.69,
      17.93,
      11.8,
      37.63,
      16.2,
      10.28,
      21.19,
      8.62,
      17.41,
      2.05,
      44.98,
      0.0,
      26.55,
      48.19,
      18.29,
      14.37
    ],
    [
      9.4,
      29.69,
      12.65,
      7.69,
      44.74,
      25.59,
      15.77,
      35.06,
      16.74,
      20.06,
      13.62,
      10.31,
      18.13,
      31.06,
      35.53,
      43.39,
      19.42,
      29.36,
      12.57,
      27.24,
      38.42,
      42.39,
      46.94,
      14.43,
      20.12,
      26.55,
      0.0,
      28.04,
      18.3,
      24.36
    ],
    [
      41.11,
      37.79,
      39.2,
      7.09,
      48.51,
      23.52,
      31.43,
      12.97,
      6.41,
      17.28,
      37.21,
      23.61,
      42.46,
      49.0,
      44.94,
      47.33,
      15.79,
      48.04,
      25.57,
      35.27,
      17.87,
      12.01,
      1.69,
      5.57,
      36.45,
      48.19,
      28.04,
      0.0,
      19.57,
      20.62
    ],
    [
      48.13,
      22.28,
      13.93,
      12.32,
      12.73,
      22.77,
      15.54,
      32.07,
      3.01,
      46.83,
      1.79,
      32.57,
      22.99,
      21.69,
      8.52,
      18.99,
      12.91,
      42.68,
      38.75,
      34.04,
      36.74,
      29.12,
      0.95,
      6.08,
      42.79,
      18.29,
      18.3,
      19.57,
      0.0,
      0.21
    ],
    [
      41.9,
      32.18,
      26.84,
      39.18,
      23.22,
      28.6,
      17.9,
      46.6,
      8.62,
      18.47,
      30.6,
      44.79,
      31.04,
      27.56,
      24.73,
      36.24,
      22.82,
      5.48,
      28.36,
      19.83,
      22.04,
      45.8,
      49.95,
      44.33,
      25.13,
      14.37,
      24.36,
      20.62,
      0.21,
      0.0
    ]
  ],
  "distancia": [
    [
      0.0,
      10.37,
      7.44,
      3.53,
      7.22,
      5.04,
      19.66,
      9.04,
      8.7,
      8.73
    ],
    [
      10.37,
      0.0,
      13.04,
      17.02,
      10.77,
      16.8,
      12.28,
      4.36,
      16.65,
      13.82
    ],
    [
      7.44,
      13.04,
      0.0,
      17.22,
      1.18,
      11.59,
      5.69,
      7.43,
      1.71,
      16.48
    ],
    [
      3.53,
      17.02,
      17.22,
      0.0,
      3.08,
      3.25,
      10.04,
      19.84,
      1.54,
      1.78
    ],
    [
      7.22,
      10.77,
      1.18,
      3.08,
      0.0,
      19.66,
      13.84,
      16.52,
      17.65,
      3.33
    ],
    [
      5.04,
      16.8,
      11.59,
      3.25,
      19.66,
      0.0,
      7.98,
      9.82,
      13.03,
      3.71
    ],
    [
      19.66,
      12.28,
      5.69,
      10.04,
      13.84,
      7.98,
      0.0,
      13.62,
      6.34,
      16.21
    ],
    [
      9.04,
      4.36,
      7.43,
      19.84,
      16.52,
      9.82,
      13.62,
      0.0,
      8.8,
      16.66
    ],
    [
      8.7,
      16.65,
      1.71,
      1.54,
      17.65,
      13.03,
      6.34,
      8.8,
      0.0,
      16.7
    ],
    [
      8.73,
      13.82,
      16.48,
      1.78,
      3.33,
      3.71,
      16.21,
      16.66,
      16.7,
      0.0
    ]
  ],
  "consumo": [
    [
      1.52,
      9.65,
      2.79,
      4.69,
      8.12,
      7.36,
      4.73,
      5.66,
      1.36,
      5.38
    ],
    [
      3.51,
      3.89,
      4.1,
      8.4,
      6.89,
      6.17,
      1.29,
      2.17,
      3.08,
      4.32
    ],
    [
      5.52,
      7.17,
      9.51,
      4.02,
      6.49,
      1.32,
      4.96,
      9.87,
      9.77,
      7.34
    ],
    [
      3.31,
      4.39,
      3.12,
      3.3,
      8.4,
      3.74,
      2.43,
      1.6,
      9.48,
      3.65
    ],
    [
      6.99,
      5.12,
      5.64,
      3.92,
      7.04,
      5.57,
      8.14,
      4.11,
      9.69,
      8.51
    ],
    [
      4.17,
      4.74,
      5.26,
      5.16,
      2.63,
      7.64,
      6.7,
      1.11,
      1.42,
      3.3
    ],
    [
      8.31,
      3.28,
      9.54,
      9.09,
      4.48,
      1.95,
      2.77,
      8.95,
      2.63,
      5.2
    ],
    [
      9.31,
      9.79,
      7.03,
      1.16,
      6.79,
      4.15,
      8.66,
      3.21,
      5.83,
      2.63
    ],
    [
      4.34,
      2.36,
      3.46,
      9.52,
      2.48,
      6.05,
      8.7,
      4.3,
      1.35,
      5.23
    ],
    [
      2.54,
      2.95,
      5.32,
      6.95,
      9.31,
      4.02,
      5.1,
      5.74,
      8.57,
      8.57
    ],
    [
      2.82,
      8.37,
      1.02,
      4.81,
      7.49,
      5.17,
      9.87,
      6.93,
      6.42,
      6.7
    ],
    [
      5.21,
      4.47,
      9.84,
      7.24,
      4.13,
      8.96,
      2.53,
      1.3,
      5.86,
      3.14
    ],
    [
      4.48,
      7.93,
      4.69,
      1.34,
      3.16,
      5.5,
      9.09,
      5.03,
      5.9,
      2.25
    ],
    [
      7.08,
      3.4,
      5.21,
      1.18,
      4.7,
      2.33,
      8.3,
      5.01,
      5.37,
      7.81
    ],
    [
      5.14,
      9.43,
      4.29,
      5.98,
      5.26,
      8.98,
      2.58,
      9.55,
      8.56,
      3.01
    ],
    [
      8.87,
      5.09,
      1.54,
      4.76,
      9.13,
      2.83,
      6.63,
      8.76,
      6.01,
      9.16
    ],
    [
      8.86,
      8.74,
      1.97,
      4.55,
      5.61,
      7.85,
      3.24,
      1.26,
      9.77,
      1.15
    ],
    [
      2.71,
      4.38,
      6.5,
      1.62,
      9.51,
      3.3,
      8.04,
      7.94,
      5.78,
      3.9
    ],
    [
      9.68,
      5.55,
      9.73,
      5.31,
      2.6,
      2.44,
      5.43,
      2.7,
      5.23,
      9.89
    ],
    [
      1.2,
      7.23,
      9.9,
      6.98,
      6.27,
      1.2,
      6.79,
      8.19,
      9.42,
      6.08
    ],
    [
      2.16,
      3.3,
      3.69,
      2.2,
      8.61,
      4.54,
      4.33,
      7.91,
      2.38,
      8.7
    ],
    [
      2.07,
      2.69,
      8.48,
      9.06,
      4.53,
      9.75,
      2.93,
      2.65,
      8.06,
      9.13
    ],
    [
      4.2,
      7.39,
      2.31,
      3.49,
      7.25,
      7.53,
      2.77,
      2.3,
      7.04,
      8.4
    ],
    [
      7.17,
      3.52,
      8.44,
      1.28,
      5.81,
      9.48,
      8.04,
      1.04,
      2.84,
      9.79
    ],
    [
      8.86,
      8.08,
      6.66,
      9.58,
      7.64,
      2.94,
      9.61,
      8.18,
      1.9,
      6.15
    ],
    [
      2.64,
      6.73,
      7.58,
      1.61,
      2.61,
      4.47,
      5.24,
      3.96,
      1.02,
      4.06
    ],
    [
      5.65,
      2.05,
      3.63,
      3.75,
      5.84,
      9.48,
      7.15,
      5.48,
      9.71,
      1.95
    ],
    [
      1.66,
      6.8,
      2.27,
      8.56,
      1.16,
      3.49,
      7.25,
      1.72,
      2.92,
      6.2
    ],
    [
      8.05,
      4.21,
      7.58,
      8.69,
      5.92,
      5.74,
      3.52,
      5.28,
      2.98,
      1.87
    ],
    [
      3.16,
      2.82,
      7.98,
      9.94,
      7.75,
      9.12,
      1.62,
      2.75,
      4.26,
      2.1
    ]
  ],
  "capacidade": [
    30.24,
    33.1,
    33.82,
    31.63,
    35.52,
    32.61,
    33.69,
    28.93,
    32.92,
    33.11
  ]
}