{
  "nome": "grande_apertado_s1001",
  "n_entidades": 30,
  "n_locais": 10,
  "fator_cap": 1.1,
  "seed": 1001,
  "custo_linear": [
    [
      79.87,
      6.8,
      76.26,
      86.41,
      10.04,
      90.35,
      78.8,
      41.26,
      38.07,
      65.25
    ],
    [
      40.69,
      57.64,
      61.17,
      6.02,
      73.97,
      71.14,
      92.3,
      71.78,
      65.92,
      73.97
    ],
    [
      19.57,
      50.7,
      89.61,
      92.71,
      2.88,
      87.9,
      63.99,
      41.26,
      13.83,
      86.41
    ],
    [
      26.13,
      59.69,
      8.45,
      56.09,
      39.81,
      31.35,
      17.45,
      4.51,
      87.47,
      61.17
    ],
    [
      1.56,
      58.36,
      76.88,
      20.86,
      93.0,
      84.38,
      54.33,
      98.85,
      22.58,
      4.81
    ],
    [
      37.66,
      19.04,
      94.68,
      12.39,
      35.94,
      86.46,
      5.08,
      9.83,
      52.37,
      36.58
    ],
    [
      3.12,
      67.39,
      84.31,
      6.44,
      13.72,
      13.01,
      48.02,
      65.36,
      27.2,
      83.01
    ],
    [
      10.54,
      90.11,
      23.2,
      12.49,
      20.94,
      56.16,
      89.65,
      11.68,
      61.49,
      53.33
    ],
    [
      48.04,
      78.68,
      25.95,
      90.21,
      33.69,
      39.68,
      50.74,
      54.6,
      70.91,
      81.86
    ],
    [
      90.95,
      13.49,
      19.22,
      77.08,
      78.62,
      26.1,
      88.41,
      86.98,
      7.21,
      12.33
    ],
    [
      10.44,
      86.7,
      87.05,
      25.55,
      89.14,
      20.9,
      47.23,
      53.41,
      58.01,
      13.11
    ],
    [
      6.92,
      89.12,
      78.41,
      50.57,
      66.49,
      79.94,
      7.28,
      24.85,
      72.02,
      65.18
    ],
    [
      44.85,
      14.89,
      7.22,
      28.74,
      62.06,
      45.36,
      63.68,
      92.7,
      48.92,
      26.44
    ],
    [
      89.42,
      96.44,
      47.17,
      90.72,
      44.2,
      13.43,
      52.91,
      92.26,
      69.23,
      22.12
    ],
    [
      10.65,
      96.2,
      64.85,
      60.39,
      72.43,
      89.6,
      77.39,
      48.78,
      17.55,
      16.6
    ],
    [
      54.69,
      28.68,
      90.16,
      39.64,
      84.67,
      1.22,
      12.73,
      87.02,
      54.89,
      31.03
    ],
    [
      60.62,
      37.76,
      56.58,
      88.94,
      50.93,
      71.36,
      45.23,
      40.53,
      59.84,
      22.7
    ],
    [
      53.5,
      89.17,
      73.97,
      35.93,
      13.28,
      5.76,
      42.65,
      21.11,
      42.83,
      21.37
    ],
    [
      74.92,
      12.83,
      66.44,
      41.01,
      69.96,
      97.38,
      45.02,
      7.24,
      45.34,
      89.34
    ],
    [
      47.62,
      62.02,
      5.59,
      11.35,
      6.05,
      72.49,
      35.37,
      89.32,
      62.17,
      7.87
    ],
    [
      99.19,
      59.69,
      4.28,
      14.37,
      82.3,
      88.5,
      74.28,
      17.78,
      33.42,
      60.84
    ],
    [
      89.57,
      67.83,
      53.51,
      29.89,
      56.8,
      40.91,
      27.2,
      20.94,
      3.95,
      47.91
    ],
    [
      80.99,
      12.79,
      99.45,
      76.32,
      74.01,
      32.63,
      77.52,
      59.86,
      49.83,
      2.99
    ],
    [
      8.59,
      65.44,
      8.46,
      88.67,
      9.41,
      82.97,
      58.28,
      62.24,
      59.1,
      3.4
    ],
    [
      62.43,
      32.65,
      85.23,
      41.82,
      2.37,
      55.42,
      65.84,
      77.85,
      93.87,
      88.85
    ],
    [
      45.04,
      11.53,
      28.61,
      68.84,
      53.28,
      28.03,
      11.52,
      80.38,
      54.3,
      59.31
    ],
    [
      66.68,
      35.93,
      28.85,
      83.2,
      66.16,
      18.47,
      97.13,
      94.0,
      54.36,
      10.73
    ],
    [
      70.36,
      8.42,
      77.61,
      57.75,
      72.65,
      78.93,
      94.09,
      97.97,
      72.66,
      73.69
    ],
    [
      69.05,
      59.29,
      66.72,
      44.9,
      45.65,
      23.69,
      75.07,
      76.7,
      41.7,
      5.42
    ],
    [
      59.73,
      43.29,
      98.39,
      42.37,
      49.85,
      23.62,
      86.52,
      5.17,
      85.65,
      92.75
    ]
  ],
  "fluxo": [
    [
      0.0,
      22.32,
      16.98,
      12.85,
      1.89,
      37.46,
      9.64,
      34.57,
      10.99,
      13.21,
      21.94,
      33.0,
      40.3,
      23.73,
      17.18,
      47.21,
      45.24,
      17.84,
      27.63,
      2.99,
      3.62,
      47.74,
      5.19,
      14.75,
      8.26,
      1.48,
      28.24,
      40.49,
      48.86,
      3.99
    ],
    [
      22.32,
      0.0,
      12.92,
      1.0,
      30.04,
      2.67,
      8.61,
      34.0,
      45.85,
      7.62,
      23.04,
      22.99,
      29.4,
      26.38,
      9.55,
      12.25,
      46.47,
      20.68,
      4.85,
      7.73,
      15.92,
      34.4,
      10.47,
      5.55,
      30.44,
      28.1,
      36.5,
      41.87,
      41.78,
      27.4
    ],
    [
      16.98,
      12.92,
      0.0,
      36.67,
      34.8,
      33.53,
      1.04,
      24.83,
      25.97,
      41.83,
      0.64,
      6.99,
      23.5,
      32.26,
      25.5,
      20.82,
      25.34,
      5.34,
      40.23,
      20.0,
      25.29,
      5.28,
      43.42,
      33.95,
      35.39,
      35.31,
      27.55,
      48.56,
      24.07,
      17.01
    ],
    [
      12.85,
      1.0,
      36.67,
      0.0,
      42.36,
      33.02,
      31.32,
      35.49,
      4.36,
      9.28,
      42.21,
      27.7,
      10.82,
      15.78,
      22.5,
      36.05,
      42.64,
      41.71,
      34.77,
      0.9,
      7.6,
      44.62,
      22.22,
      31.67,
      21.97,
      26.65,
      49.02,
      3.57,
      30.87,
      9.22
    ],
    [
      1.89,
      30.04,
      34.8,
      42.36,
      0.0,
      30.48,
      41.64,
      37.77,
      31.41,
      17.14,
      39.63,
      6.24,
      39.83,
      4.25,
      42.49,
      35.69,
      44.17,
      8.26,
      39.07,
      20.07,
      42.82,
      40.78,
      14.21,
      25.9,
      11.44,
      14.98,
      28.97,
      3.36,
      10.8,
      15.19
    ],
    [
      37.46,
      2.67,
      33.53,
      33.02,
      30.48,
      0.0,
      25.02,
      14.06,
      3.67,
      48.43,
      15.2,
      25.17,
      41.33,
      18.93,
      31.03,
      17.87,
      36.93,
      45.1,
      48.84,
      42.49,
      32.65,
      36.92,
      32.03,
      17.45,
      30.29,
      16.42,
      46.68,
      49.16,
      7.08,
      5.04
    ],
    [
      9.64,
      8.61,
      1.04,
      31.32,
      41.64,
      25.02,
      0.0,
      33.19,
      26.45,
      32.63,
      1.13,
      40.31,
      28.06,
      37.47,
      29.91,
      13.05,
      18.36,
      36.57,
      49.48,
      46.54,
      9.48,
      15.99,
      11.53,
      45.26,
      40.63,
      41.6,
      20.96,
      36.66,
      36.91,
      31.8
    ],
    [
      34.57,
      34.0,
      24.83,
      35.49,
      37.77,
      14.06,
      33.19,
      0.0,
      35.58,
      9.16,
      6.73,
      38.92,
      16.15,
      47.73,
      13.19,
      42.55,
      48.77,
      45.45,
      33.49,
      20.74,
      38.17,
      44.15,
      12.95,
      23.24,
      25.1,
      29.48,
      48.0,
      11.12,
      27.74,
      11.85
    ],
    [
      10.99,
      45.85,
      25.97,
      4.36,
      31.41,
      3.67,
      26.45,
      35.58,
      0.0,
      0.05,
      9.11,
      11.96,
      5.65,
      40.7,
      26.07,
      22.3,
      22.48,
      3.61,
      33.77,
      15.99,
      24.38,
      37.65,
      9.9,
      36.25,
      2.29,
      25.76,
      14.19,
      1.41,
      13.72,
      47.64
    ],
    [
      13.21,
      7.62,
      41.83,
      9.28,
      17.14,
      48.43,
      32.63,
      9.16,
      0.05,
      0.0,
      40.45,
      6.4,
      46.63,
      10.89,
      15.03,
      2.06,
      49.6,
      9.87,
      47.59,
      24.78,
      8.47,
      1.37,
      41.56,
      21.75,
      19.89,
      35.99,
      5.88,
      40.92,
      21.89,
      41.42
    ],
    [
      21.94,
      23.04,
      0.64,
      42.21,
      39.63,
      15.2,
      1.13,
      6.73,
      9.11,
      40.45,
      0.0,
      32.01,
      49.41,
      38.07,
      23.16,
      18.72,
      18.04,
      44.93,
      11.06,
      16.37,
      27.82,
      34.46,
      14.56,
      43.81,
      24.86,
      41.56,
      46.72,
      16.27,
      25.82,
      47.52
    ],
    [
      33.0,
      22.99,
      6.99,
      27.7,
      6.24,
      25.17,
      40.31,
      38.92,
      11.96,
      6.4,
      32.01,
      0.0,
      24.82,
      35.5,
      25.72,
      2.89,
      8.68,
      33.96,
      44.04,
      39.08,
      4.66,
      46.42,
      38.42,
      10.99,
      33.79,
      31.38,
      49.9,
      29.74,
      20.06,
      18.08
    ],
    [
      40.3,
      29.4,
      23.5,
      10.82,
      39.83,
      41.33,
      28.06,
      16.15,
      5.65,
      46.63,
      49.41,
      24.82,
      0.0,
      38.78,
      36.35,
      22.15,
      29.31,
      10.6,
      41.79,
      16.33,
      23.65,
      14.7,
      6.29,
      9.0,
      29.43,
      41.86,
      16.35,
      4.75,
      26.7,
      19.93
    ],
    [
      23.73,
      26.38,
      32.26,
      15.78,
      4.25,
      18.93,
      37.47,
      47.73,
      40.7,
      10.89,
      38.07,
      35.5,
      38.78,
      0.0,
      23.81,
      3.0,
      23.54,
      2.27,
      35.47,
      35.53,
      22.84,
      46.89,
      11.28,
      28.26,
      29.0,
      4.0,
      3.06,
      34.23,
      40.14,
      24.78
    ],
    [
      17.18,
      9.55,
      25.5,
      22.5,
      42.49,
      31.03,
      29.91,
      13.19,
      26.07,
      15.03,
      23.16,
      25.72,
      36.35,
      23.81,
      0.0,
      42.03,
      20.73,
      28.1,
      35.2,
      42.01,
      26.02,
      34.36,
      5.92,
      15.8,
      13.05,
      34.3,
      29.06,
      18.55,
      23.53,
      42.53
    ],
    [
      47.21,
      12.25,
      20.82,
      36.05,
      35.69,
      17.87,
      13.05,
      42.55,
      22.3,
      2.06,
      18.72,
      2.89,
      22.15,
      3.0,
      42.03,
      0.0,
      45.61,
      18.44,
      26.55,
      23.64,
      2.46,
      41.94,
      13.42,
      46.45,
      48.34,
      29.58,
      37.05,
      49.29,
      10.98,
      14.03
    ],
    [
      45.24,
      46.47,
      25.34,
      42.64,
      44.17,
      36.93,
      18.36,
      48.77,
      22.48,
      49.6,
      18.04,
      8.68,
      29.31,
      23.54,
      20.73,
      45.61,
      0.0,
      25.55,
      7.44,
      25.89,
      20.86,
      47.65,
      8.12,
      25.03,
      48.19,
      10.36,
      3.45,
      47.54,
      48.71,
      19.34
    ],
    [
      17.84,
      20.68,
      5.34,
      41.71,
      8.26,
      45.1,
      36.57,
      45.45,
      3.61,
      9.87,
      44.93,
      33.96,
      10.6,
      2.27,
      28.1,
      18.44,
      25.55,
      0.0,
      31.36,
      45.47,
      46.98,
      33.0,
      45.42,
      3.6,
      39.12,
      12.4,
      44.4,
      28.42,
      27.74,
      21.71
    ],
    [
      27.63,
      4.85,
      40.23,
      34.77,
      39.07,
      48.84,
      49.48,
      33.49,
      33.77,
      47.59,
      11.06,
      44.04,
      41.79,
      35.47,
      35.2,
      26.55,
      7.44,
      31.36,
      0.0,
      2.92,
      35.37,
      27.52,
      14.79,
      33.13,
      30.66,
      5.68,
      41.36,
      3.36,
      33.72,
      34.75
    ],
    [
      2.99,
      7.73,
      20.0,
      0.9,
      20.07,
      42.49,
      46.54,
      20.74,
      15.99,
      24.78,
      16.37,
      39.08,
      16.33,
      35.53,
      42.01,
      23.64,
      25.89,
      45.47,
      2.92,
      0.0,
      21.21,
      6.86,
      42.76,
      7.77,
      9.58,
      6.3,
      29.58,
      29.88,
      26.51,
      16.62
    ],
    [
      3.62,
      15.92,
      25.29,
      7.6,
      42.82,
      32.65,
      9.48,
      38.17,
      24.38,
      8.47,
      27.82,
      4.66,
      23.65,
      22.84,
      26.02,
      2.46,
      20.86,
      46.98,
      35.37,
      21.21,
      0.0,
      27.82,
      15.07,
      48.55,
      7.14,
      11.53,
      10.37,
      30.8,
      22.9,
      45.31
    ],
    [
      47.74,
      34.4,
      5.28,
      44.62,
      40.78,
      36.92,
      15.99,
      44.15,
      37.65,
      1.37,
      34.46,
      46.42,
      14.7,
      46.89,
      34.36,
      41.94,
      47.65,
      33.0,
      27.52,
      6.86,
      27.82,
      0.0,
      48.85,
      8.25,
      12.57,
      41.88,
      48.59,
      22.13,
      38.13,
      49.44
    ],
    [
      5.19,
      10.47,
      43.42,
      22.22,
      14.21,
      32.03,
      11.53,
      12.95,
      9.9,
      41.56,
      14.56,
      38.42,
      6.29,
      11.28,
      5.92,
      13.42,
      8.12,
      45.42,
      14.79,
      42.76,
      15.07,
      48.85,
      0.0,
      32.9,
      6.14,
      15.42,
      40.56,
      42.43,
      10.57,
      35.18
    ],
    [
      14.75,
      5.55,
      33.95,
      31.67,
      25.9,
      17.45,
      45.26,
      23.24,
      36.25,
      21.75,
      43.81,
      10.99,
      9.0,
      28.26,
      15.8,
      46.45,
      25.03,
      3.6,
      33.13,
      7.77,
      48.55,
      8.25,
      32.9,
      0.0,
      11.56,
      38.72,
      47.49,
      44.08,
      9.47,
      10.42
    ],
    [
      8.26,
      30.44,
      35.39,
      21.97,
      11.44,
      30.29,
      40.63,
      25.1,
      2.29,
      19.89,
      24.86,
      33.79,
      29.43,
      29.0,
      13.05,
      48.34,
      48.19,
      39.12,
      30.66,
      9.58,
      7.14,
      12.57,
      6.14,
      11.56,
      0.0,
      10.76,
      21.78,
      43.28,
      0.37,
      48.76
    ],
    [
      1.48,
      28.1,
      35.31,
      26.65,
      14.98,
      16.42,
      41.6,
      29.48,
      25.76,
      35.99,
      41.56,
      31.38,
      41.86,
      4.0,
      34.3,
      29.58,
      10.36,
      12.4,
      5.68,
      6.3,
      11.53,
      41.88,
      15.42,
      38.72,
      10.76,
      0.0,
      42.92,
      49.06,
      14.1,
      48.16
    ],
    [
      28.24,
      36.5,
      27.55,
      49.02,
      28.97,
      46.68,
      20.96,
      48.0,
      14.19,
      5.88,
      46.72,
      49.9,
      16.35,
      3.06,
      29.06,
      37.05,
      3.45,
      44.4,
      41.36,
      29.58,
      10.37,
      48.59,
      40.56,
      47.49,
      21.78,
      42.92,
      0.0,
      9.34,
      46.94,
      25.37
    ],
    [
      40.49,
      41.87,
      48.56,
      3.57,
      3.36,
      49.16,
      36.66,
      11.12,
      1.41,
      40.92,
      16.27,
      29.74,
      4.75,
      34.23,
      18.55,
      49.29,
      47.54,
      28.42,
      3.36,
      29.88,
      30.8,
      22.13,
      42.43,
      44.08,
      43.28,
      49.06,
      9.34,
      0.0,
      22.31,
      44.44
    ],
    [
      48.86,
      41.78,
      24.07,
      30.87,
      10.8,
      7.08,
      36.91,
      27.74,
      13.72,
      21.89,
      25.82,
      20.06,
      26.7,
      40.14,
      23.53,
      10.98,
      48.71,
      27.74,
      33.72,
      26.51,
      22.9,
      38.13,
      10.57,
      9.47,
      0.37,
      14.1,
      46.94,
      22.31,
      0.0,
      14.31
    ],
    [
      3.99,
      27.4,
      17.01,
      9.22,
      15.19,
      5.04,
      31.8,
      11.85,
      47.64,
      41.42,
      47.52,
      18.08,
      19.93,
      24.78,
      42.53,
      14.03,
      19.34,
      21.71,
      34.75,
      16.62,
      45.31,
      49.44,
      35.18,
      10.42,
      48.76,
      48.16,
      25.37,
      44.44,
      14.31,
      0.0
    ]
  ],
  "distancia": [
    [
      0.0,
      19.39,
      16.3,
      4.42,
      15.01,
      19.17,
      2.13,
      15.69,
      13.78,
      5.63
    ],
    [
      19.39,
      0.0,
      11.99,
      5.29,
      7.27,
      16.08,
      13.02,
      6.21,
      1.34,
      2.46
    ],
    [
      16.3,
      11.99,
      0.0,
      3.77,
      6.09,
      16.07,
      10.77,
      2.89,
      11.27,
      17.48
    ],
    [
      4.42,
      5.29,
      3.77,
      0.0,
      14.51,
      18.58,
      5.29,
      9.86,
      8.07,
      15.58
    ],
    [
      15.01,
      7.27,
      6.09,
      14.51,
      0.0,
      13.82,
      17.82,
      14.12,
      17.49,
      13.29
    ],
    [
      19.17,
      16.08,
      16.07,
      18.58,
      13.82,
      0.0,
      4.92,
      15.25,
      8.05,
      3.83
    ],
    [
      2.13,
      13.02,
      10.77,
      5.29,
      17.82,
      4.92,
      0.0,
      12.61,
      4.8,
      19.12
    ],
    [
      15.69,
      6.21,
      2.89,
      9.86,
      14.12,
      15.25,
      12.61,
      0.0,
      18.47,
      7.33
    ],
    [
      13.78,
      1.34,
      11.27,
      8.07,
      17.49,
      8.05,
      4.8,
      18.47,
      0.0,
      18.91
    ],
    [
      5.63,
      2.46,
      17.48,
      15.58,
      13.29,
      3.83,
      19.12,
      7.33,
      18.91,
      0.0
    ]
  ],
  "consumo": [
    [
      2.31,
      6.83,
      3.16,
      1.06,
      6.97,
      1.38,
      9.28,
      1.42,
      7.55,
      8.52
    ],
    [
      8.06,
      1.46,
      8.67,
      9.06,
      8.38,
      9.8,
      7.17,
      2.06,
      7.53,
      6.91
    ],
    [
      4.29,
      4.3,
      8.4,
      3.76,
      5.39,
      9.29,
      5.54,
      2.16,
      4.37,
      10.0
    ],
    [
      4.81,
      3.27,
      2.89,
      6.26,
      2.0,
      8.05,
      2.48,
      7.84,
      5.95,
      9.13
    ],
    [
      7.59,
      2.52,
      5.01,
      3.79,
      5.07,
      2.21,
      1.27,
      9.33,
      6.05,
      6.54
    ],
    [
      7.49,
      8.59,
      1.93,
      3.4,
      1.76,
      5.47,
      3.1,
      1.17,
      6.27,
      8.51
    ],
    [
      1.63,
      2.42,
      9.89,
      1.51,
      1.11,
      5.32,
      6.03,
      1.64,
      8.62,
      2.2
    ],
    [
      6.46,
      3.7,
      6.84,
      9.59,
      1.11,
      7.34,
      4.14,
      4.18,
      8.93,
      7.24
    ],
    [
      8.57,
      6.7,
      9.05,
      6.28,
      9.63,
      4.69,
      1.93,
      8.23,
      1.44,
      2.14
    ],
    [
      9.11,
      7.53,
      6.75,
      3.82,
      6.86,
      1.71,
      8.52,
      7.01,
      4.59,
      9.21
    ],
    [
      6.2,
      4.36,
      2.97,
      6.23,
      4.07,
      4.82,
      1.09,
      9.85,
      5.0,
      1.11
    ],
    [
      2.58,
      1.49,
      7.53,
      7.26,
      1.11,
      8.3,
      3.52,
      7.34,
      8.62,
      6.74
    ],
    [
      5.79,
      7.88,
      1.65,
      2.47,
      3.52,
      7.17,
      6.49,
      4.5,
      3.92,
      9.31
    ],
    [
      2.53,
      2.33,
      9.54,
      3.3,
      6.29,
      8.83,
      3.9,
      5.26,
      1.49,
      2.21
    ],
    [
      4.2,
      8.01,
      5.34,
      7.25,
      6.91,
      6.3,
      5.98,
      7.18,
      8.44,
      4.49
    ],
    [
      1.1,
      9.59,
      4.49,
      3.75,
      1.76,
      6.74,
      5.86,
      9.33,
      2.52,
      3.78
    ],
    [
      2.6,
      2.45,
      5.48,
      6.71,
      5.1,
      9.95,
      7.43,
      8.42,
      1.61,
      3.88
    ],
    [
      6.44,
      2.4,
      5.42,
      3.9,
      5.28,
      1.9,
      3.67,
      5.79,
      5.86,
      7.13
    ],
    [
      1.88,
      2.35,
      1.04,
      3.12,
      3.4,
      4.22,
      3.58,
      2.9,
      5.18,
      2.5
    ],
    [
      6.42,
      1.69,
      4.31,
      3.24,
      4.04,
      1.6,
      8.47,
      1.61,
      2.33,
      2.07
    ],
    [
      4.57,
      2.22,
      8.43,
      1.1,
      6.48,
      4.55,
      1.87,
      5.06,
      8.32,
      5.25
    ],
    [
      5.72,
      7.03,
      2.33,
      8.03,
      1.35,
      8.39,
      3.06,
      2.43,
      4.42,
      5.77
    ],
    [
      6.28,
      4.76,
      1.57,
      1.88,
      1.23,
      1.23,
      5.25,
      6.64,
      1.64,
      6.8
    ],
    [
      9.43,
      2.75,
      6.22,
      2.64,
      4.44,
      5.12,
      6.68,
      4.85,
      8.02,
      6.65
    ],
    [
      4.16,
      1.3,
      1.01,
      6.49,
      5.31,
      1.16,
      8.82,
      2.1,
      7.89,
      9.67
    ],
    [
      5.92,
      8.37,
      8.44,
      3.35,
      5.12,
      7.76,
      1.7,
      1.05,
      2.18,
      3.87
    ],
    [
      5.85,
      8.63,
      6.44,
      4.04,
      7.21,
      4.83,
      7.3,
      1.44,
      3.45,
      7.2
    ],
    [
      6.05,
      2.78,
      8.0,
      9.82,
      8.33,
      9.97,
      6.61,
      3.57,
      1.72,
      2.57
    ],
    [
      6.08,
      1.04,
      8.55,
      9.54,
      3.59,
      10.0,
      8.08,
      4.99,
      1.61,
      3.17
    ],
    [
      1.12,
      9.34,
      3.91,
      6.46,
      6.46,
      3.55,
      3.27,
      8.19,
      9.61,
      4.04
    ]
  ],
  "capacidade": [
    17.08,
    15.19,
    18.18,
    16.4,
    15.32,
    18.88,
    16.73,
    16.23,
    17.06,
    18.55
  ]
}