{
  "nome": "medio_medio_s456",
  "n_entidades": 15,
  "n_locais": 6,
  "fator_cap": 1.5,
  "seed": 456,
  "custo_linear": [
    [
      75.07,
      96.69,
      44.09,
      79.64,
      65.17,
      62.12
    ],
    [
      82.4,
      79.17,
      88.76,
      33.32,
      98.67,
      12.38
    ],
    [
      48.38,
      47.28,
      27.05,
      13.53,
      19.32,
      39.66
    ],
    [
      52.57,
      78.77,
      71.36,
      93.64,
      58.4,
      70.13
    ],
    [
      95.9,
      81.49,
      8.33,
      53.78,
      36.93,
      98.61
    ],
    [
      72.75,
      65.02,
      87.27,
      20.85,
      79.99,
      13.78
    ],
    [
      45.2,
      68.66,
      37.69,
      86.65,
      32.05,
      97.49
    ],
    [
      82.03,
      70.43,
      69.09,
      78.66,
      40.19,
      72.35
    ],
    [
      59.55,
      89.11,
      46.77,
      4.56,
      24.94,
      55.02
    ],
    [
      14.76,
      78.77,
      94.75,
      22.34,
      62.35,
      83.59
    ],
    [
      89.49,
      78.08,
      54.45,
      32.73,
      78.39,
      14.92
    ],
    [
      18.74,
      18.03,
      86.49,
      30.72,
      53.17,
      81.21
    ],
    [
      1.93,
      72.26,
      1.13,
      29.49,
      17.84,
      94.43
    ],
    [
      25.01,
      35.36,
      64.81,
      93.4,
      39.21,
      27.9
    ],
    [
      31.26,
      5.66,
      8.61,
      44.09,
      40.98,
      74.58
    ]
  ],
  "fluxo": [
    [
      0.0,
      0.64,
      27.6,
      0.01,
      18.48,
      48.79,
      36.07,
      1.08,
      43.73,
      47.56,
      12.74,
      15.45,
      4.33,
      36.0,
      43.92
    ],
    [
      0.64,
      0.0,
      42.65,
      30.84,
      26.87,
      35.53,
      1.13,
      39.26,
      32.44,
      24.35,
      5.93,
      30.34,
      3.73,
      19.24,
      36.93
    ],
    [
      27.6,
      42.65,
      0.0,
      40.9,
      9.16,
      13.5,
      24.14,
      24.15,
      11.66,
      7.27,
      42.63,
      18.65,
      4.08,
      24.24,
      13.45
    ],
    [
      0.01,
      30.84,
      40.9,
      0.0,
      3.31,
      31.88,
      7.59,
      38.96,
      20.75,
      24.06,
      43.28,
      13.71,
      42.16,
      34.64,
      1.83
    ],
    [
      18.48,
      26.87,
      9.16,
      3.31,
      0.0,
      11.41,
      1.25,
      49.24,
      7.34,
      28.43,
      4.32,
      2.83,
      2.45,
      48.38,
      23.86
    ],
    [
      48.79,
      35.53,
      13.5,
      31.88,
      11.41,
      0.0,
      27.92,
      8.83,
      9.32,
      32.23,
      18.98,
      45.72,
      33.16,
      28.23,
      39.35
    ],
    [
      36.07,
      1.13,
      24.14,
      7.59,
      1.25,
      27.92,
      0.0,
      38.19,
      8.5,
      40.3,
      7.59,
      24.58,
      48.12,
      31.23,
      8.07
    ],
    [
      1.08,
      39.26,
      24.15,
      38.96,
      49.24,
      8.83,
      38.19,
      0.0,
      34.73,
      36.74,
      18.74,
      42.11,
      2.11,
      36.58,
      33.36
    ],
    [
      43.73,
      32.44,
      11.66,
      20.75,
      7.34,
      9.32,
      8.5,
      34.73,
      0.0,
      4.11,
      28.91,
      34.02,
      47.87,
      30.78,
      20.26
    ],
    [
      47.56,
      24.35,
      7.27,
      24.06,
      28.43,
      32.23,
      40.3,
      36.74,
      4.11,
      0.0,
      9.77,
      27.57,
      2.19,
      30.08,
      19.9
    ],
    [
      12.74,
      5.93,
      42.63,
      43.28,
      4.32,
      18.98,
      7.59,
      18.74,
      28.91,
      9.77,
      0.0,
      12.66,
      13.56,
      19.44,
      38.55
    ],
    [
      15.45,
      30.34,
      18.65,
      13.71,
      2.83,
      45.72,
      24.58,
      42.11,
      34.02,
      27.57,
      12.66,
      0.0,
      4.44,
      15.89,
      0.67
    ],
    [
      4.33,
      3.73,
      4.08,
      42.16,
      2.45,
      33.16,
      48.12,
      2.11,
      47.87,
      2.19,
      13.56,
      4.44,
      0.0,
      26.83,
      6.74
    ],
    [
      36.0,
      19.24,
      24.24,
      34.64,
      48.38,
      28.23,
      31.23,
      36.58,
      30.78,
      30.08,
      19.44,
      15.89,
      26.83,
      0.0,
      5.97
    ],
    [
      43.92,
      36.93,
      13.45,
      1.83,
      23.86,
      39.35,
      8.07,
      33.36,
      20.26,
      19.9,
      38.55,
      0.67,
      6.74,
      5.97,
      0.0
    ]
  ],
  "distancia": [
    [
      0.0,
      18.25,
      10.34,
      5.94,
      11.91,
      14.96
    ],
    [
      18.25,
      0.0,
      7.01,
      19.08,
      6.12,
      11.15
    ],
    [
      10.34,
      7.01,
      0.0,
      3.39,
      3.43,
      4.89
    ],
    [
      5.94,
      19.08,
      3.39,
      0.0,
      9.95,
      3.56
    ],
    [
      11.91,
      6.12,
      3.43,
      9.95,
      0.0,
      10.47
    ],
    [
      14.96,
      11.15,
      4.89,
      3.56,
      10.47,
      0.0
    ]
  ],
  "consumo": [
    [
      8.26,
      4.34,
      8.81,
      5.87,
      9.47,
      3.78
    ],
    [
      1.12,
      7.6,
      4.68,
      2.64,
      5.52,
      7.1
    ],
    [
      7.29,
      8.21,
      7.6,
      8.9,
      7.78,
      3.64
    ],
    [
      4.81,
      8.96,
      4.34,
      9.9,
      1.37,
      3.3
    ],
    [
      2.3,
      9.44,
      7.75,
      5.01,
      1.95,
      6.06
    ],
    [
      8.6,
      3.6,
      5.03,
      8.91,
      1.27,
      1.8
    ],
    [
      6.48,
      8.26,
      1.11,
      8.18,
      5.92,
      2.38
    ],
    [
      3.37,
      3.28,
      3.74,
      8.25,
      6.13,
      8.81
    ],
    [
      7.93,
      1.43,
      1.5,
      1.29,
      1.94,
      1.36
    ],
    [
      4.12,
      1.58,
      6.36,
      4.22,
      5.51,
      5.35
    ],
    [
      6.84,
      8.31,
      8.44,
      7.36,
      5.34,
      5.66
    ],
    [
      7.91,
      4.86,
      9.24,
      5.59,
      8.11,
      9.71
    ],
    [
      4.64,
      7.54,
      8.57,
      8.21,
      5.01,
      1.7
    ],
    [
      6.96,
      5.87,
      2.29,
      9.75,
      5.25,
      7.26
    ],
    [
      9.22,
      3.97,
      5.53,
      6.4,
      8.28,
      2.2
    ]
  ],
  "capacidade": [
    22.46,
    21.81,
    21.25,
    25.12,
    19.71,
    17.53
  ]
}