{
  "nome": "medio_folgado_s42",
  "n_entidades": 15,
  "n_locais": 6,
  "fator_cap": 2.0,
  "seed": 42,
  "custo_linear": [
    [
      64.3,
      3.48,
      28.23,
      23.1,
      73.91,
      67.99
    ],
    [
      89.33,
      9.61,
      42.77,
      3.95,
      22.65,
      51.03
    ],
    [
      3.63,
      20.68,
      65.34,
      54.95,
      22.82,
      59.34
    ],
    [
      81.13,
      1.64,
      80.78,
      70.12,
      34.68,
      16.39
    ],
    [
      95.76,
      34.32,
      10.18,
      10.57,
      84.9,
      60.77
    ],
    [
      80.91,
      73.24,
      54.09,
      97.34,
      38.47,
      55.65
    ],
    [
      83.11,
      62.23,
      86.31,
      58.16,
      70.75,
      5.54
    ],
    [
      23.56,
      29.65,
      8.9,
      24.05,
      11.0,
      28.52
    ],
    [
      63.93,
      37.12,
      37.65,
      21.74,
      27.43,
      93.73
    ],
    [
      65.16,
      61.3,
      17.94,
      73.18,
      17.18,
      38.57
    ],
    [
      98.96,
      64.36,
      56.14,
      68.78,
      84.44,
      77.82
    ],
    [
      23.68,
      4.18,
      32.23,
      27.51,
      21.89,
      94.35
    ],
    [
      87.76,
      32.15,
      65.89,
      40.17,
      91.54,
      46.43
    ],
    [
      27.22,
      25.42,
      56.58,
      27.01,
      58.87,
      89.88
    ],
    [
      40.54,
      22.71,
      99.76,
      51.44,
      10.0,
      5.66
    ]
  ],
  "fluxo": [
    [
      0.0,
      5.48,
      31.37,
      39.6,
      21.11,
      3.18,
      19.08,
      49.81,
      26.46,
      48.55,
      43.04,
      0.57,
      36.04,
      34.09,
      26.85
    ],
    [
      5.48,
      0.0,
      13.34,
      32.05,
      5.58,
      21.74,
      22.69,
      47.69,
      43.79,
      13.17,
      25.03,
      8.93,
      45.63,
      43.53,
      14.92
    ],
    [
      31.37,
      13.34,
      0.0,
      31.95,
      30.45,
      7.64,
      38.13,
      26.97,
      38.93,
      26.52,
      0.03,
      16.21,
      0.97,
      46.45,
      43.94
    ],
    [
      39.6,
      32.05,
      31.95,
      0.0,
      41.58,
      15.38,
      2.9,
      43.9,
      47.35,
      4.28,
      24.3,
      3.46,
      38.03,
      38.29,
      6.42
    ],
    [
      21.11,
      5.58,
      30.45,
      41.58,
      0.0,
      23.76,
      27.49,
      13.25,
      43.62,
      21.16,
      10.59,
      26.96,
      36.5,
      10.06,
      15.59
    ],
    [
      3.18,
      21.74,
      7.64,
      15.38,
      23.76,
      0.0,
      49.76,
      32.49,
      21.91,
      25.88,
      6.05,
      11.23,
      16.9,
      29.42,
      11.51
    ],
    [
      19.08,
      22.69,
      38.13,
      2.9,
      27.49,
      49.76,
      0.0,
      11.01,
      3.55,
      31.56,
      11.45,
      45.27,
      42.98,
      3.54,
      11.9
    ],
    [
      49.81,
      47.69,
      26.97,
      43.9,
      13.25,
      32.49,
      11.01,
      0.0,
      33.45,
      10.71,
      6.62,
      46.78,
      28.55,
      23.63,
      39.23
    ],
    [
      26.46,
      43.79,
      38.93,
      47.35,
      43.62,
      21.91,
      3.55,
      33.45,
      0.0,
      40.37,
      9.52,
      4.85,
      21.55,
      21.18,
      23.35
    ],
    [
      48.55,
      13.17,
      26.52,
      4.28,
      21.16,
      25.88,
      31.56,
      10.71,
      40.37,
      0.0,
      36.45,
      33.67,
      49.21,
      4.92,
      20.13
    ],
    [
      43.04,
      25.03,
      0.03,
      24.3,
      10.59,
      6.05,
      11.45,
      6.62,
      9.52,
      36.45,
      0.0,
      16.97,
      43.08,
      12.43,
      9.51
    ],
    [
      0.57,
      8.93,
      16.21,
      3.46,
      26.96,
      11.23,
      45.27,
      46.78,
      4.85,
      33.67,
      16.97,
      0.0,
      22.43,
      21.09,
      13.93
    ],
    [
      36.04,
      45.63,
      0.97,
      38.03,
      36.5,
      16.9,
      42.98,
      28.55,
      21.55,
      49.21,
      43.08,
      22.43,
      0.0,
      12.49,
      46.16
    ],
    [
      34.09,
      43.53,
      46.45,
      38.29,
      10.06,
      29.42,
      3.54,
      23.63,
      21.18,
      4.92,
      12.43,
      21.09,
      12.49,
      0.0,
      22.16
    ],
    [
      26.85,
      14.92,
      43.94,
      6.42,
      15.59,
      11.51,
      11.9,
      39.23,
      23.35,
      20.13,
      9.51,
      13.93,
      46.16,
      22.16,
      0.0
    ]
  ],
  "distancia": [
    [
      0.0,
      17.37,
      11.46,
      1.96,
      19.99,
      16.88
    ],
    [
      17.37,
      0.0,
      19.41,
      18.6,
      17.13,
      4.16
    ],
    [
      11.46,
      19.41,
      0.0,
      10.23,
      5.06,
      8.62
    ],
    [
      1.96,
      18.6,
      10.23,
      0.0,
      2.11,
      8.2
    ],
    [
      19.99,
      17.13,
      5.06,
      2.11,
      0.0,
      19.72
    ],
    [
      16.88,
      4.16,
      8.62,
      8.2,
      19.72,
      0.0
    ]
  ],
  "consumo": [
    [
      3.39,
      8.06,
      5.1,
      4.81,
      9.62,
      9.96
    ],
    [
      6.0,
      7.47,
      2.39,
      3.67,
      9.72,
      6.21
    ],
    [
      5.88,
      7.73,
      1.51,
      6.26,
      5.53,
      8.67
    ],
    [
      2.42,
      9.65,
      1.72,
      2.67,
      6.36,
      7.08
    ],
    [
      3.12,
      2.08,
      9.01,
      3.22,
      6.35,
      6.57
    ],
    [
      4.77,
      6.25,
      5.71,
      9.41,
      2.84,
      7.45
    ],
    [
      3.15,
      4.56,
      7.05,
      3.7,
      3.85,
      7.77
    ],
    [
      1.65,
      5.12,
      9.99,
      9.96,
      1.66,
      2.92
    ],
    [
      3.39,
      9.4,
      8.93,
      8.91,
      4.33,
      2.42
    ],
    [
      8.5,
      7.33,
      6.51,
      9.89,
      6.89,
      1.07
    ],
    [
      8.35,
      3.69,
      6.97,
      9.45,
      2.21,
      2.04
    ],
    [
      1.96,
      5.98,
      3.45,
      6.44,
      7.46,
      2.83
    ],
    [
      6.71,
      3.38,
      5.4,
      9.15,
      8.61,
      1.83
    ],
    [
      4.81,
      3.49,
      1.03,
      7.94,
      6.73,
      3.36
    ],
    [
      7.67,
      5.97,
      4.85,
      1.09,
      1.68,
      8.95
    ]
  ],
  "capacidade": [
    23.92,
    30.05,
    26.54,
    32.19,
    27.95,
    26.38
  ]
}