{
  "nome": "medio_folgado_s1001",
  "n_entidades": 15,
  "n_locais": 6,
  "fator_cap": 2.0,
  "seed": 1001,
  "custo_linear": [
    [
      79.87,
      6.8,
      76.26,
      86.41,
      10.04,
      90.35
    ],
    [
      78.8,
      41.26,
      38.07,
      65.25,
      40.69,
      57.64
    ],
    [
      61.17,
      6.02,
      73.97,
      71.14,
      92.3,
      71.78
    ],
    [
      65.92,
      73.97,
      19.57,
      50.7,
      89.61,
      92.71
    ],
    [
      2.88,
      87.9,
      63.99,
      41.26,
      13.83,
      86.41
    ],
    [
      26.13,
      59.69,
      8.45,
      56.09,
      39.81,
      31.35
    ],
    [
      17.45,
      4.51,
      87.47,
      61.17,
      1.56,
      58.36
    ],
    [
      76.88,
      20.86,
      93.0,
      84.38,
      54.33,
      98.85
    ],
    [
      22.58,
      4.81,
      37.66,
      19.04,
      94.68,
      12.39
    ],
    [
      35.94,
      86.46,
      5.08,
      9.83,
      52.37,
      36.58
    ],
    [
      3.12,
      67.39,
      84.31,
      6.44,
      13.72,
      13.01
    ],
    [
      48.02,
      65.36,
      27.2,
      83.01,
      10.54,
      90.11
    ],
    [
      23.2,
      12.49,
      20.94,
      56.16,
      89.65,
      11.68
    ],
    [
      61.49,
      53.33,
      48.04,
      78.68,
      25.95,
      90.21
    ],
    [
      33.69,
      39.68,
      50.74,
      54.6,
      70.91,
      81.86
    ]
  ],
  "fluxo": [
    [
      0.0,
      45.43,
      6.31,
      9.2,
      38.43,
      39.2,
      12.68,
      44.15,
      43.42,
      3.14,
      5.72,
      4.77,
      43.28,
      43.46,
      12.4
    ],
    [
      45.43,
      0.0,
      44.51,
      10.05,
      23.35,
      26.47,
      28.79,
      6.12,
      2.99,
      44.5,
      39.09,
      25.04,
      33.08,
      39.87,
      3.17
    ],
    [
      6.31,
      44.51,
      0.0,
      12.04,
      35.87,
      32.42,
      22.15,
      7.02,
      3.14,
      14.01,
      30.84,
      22.4,
      31.66,
      46.31,
      24.2
    ],
    [
      9.2,
      10.05,
      12.04,
      0.0,
      12.85,
      44.66,
      48.2,
      23.32,
      45.31,
      21.82,
      6.28,
      26.22,
      46.09,
      34.46,
      10.66
    ],
    [
      38.43,
      23.35,
      35.87,
      12.85,
      0.0,
      4.87,
      48.08,
      32.25,
      29.99,
      36.08,
      44.75,
      38.58,
      24.13,
      8.36,
      7.88
    ],
    [
      39.2,
      26.47,
      32.42,
      44.66,
      4.87,
      0.0,
      27.12,
      13.98,
      45.03,
      19.51,
      42.26,
      0.11,
      5.92,
      43.45,
      27.22
    ],
    [
      12.68,
      28.79,
      22.15,
      48.2,
      48.08,
      27.12,
      0.0,
      15.16,
      30.11,
      18.56,
      28.07,
      44.42,
      25.22,
      35.54,
      22.34
    ],
    [
      44.15,
      6.12,
      7.02,
      23.32,
      32.25,
      13.98,
      15.16,
      0.0,
      19.96,
      29.72,
      10.96,
      26.52,
      44.53,
      36.85,
      17.64
    ],
    [
      43.42,
      2.99,
      3.14,
      45.31,
      29.99,
      45.03,
      30.11,
      19.96,
      0.0,
      6.2,
      2.4,
      21.03,
      10.16,
      21.13,
      10.29
    ],
    [
      3.14,
      44.5,
      14.01,
      21.82,
      36.08,
      19.51,
      18.56,
      29.72,
      6.2,
      0.0,
      37.33,
      5.98,
      33.05,
      20.21,
      34.83
    ],
    [
      5.72,
      39.09,
      30.84,
      6.28,
      44.75,
      42.26,
      28.07,
      10.96,
      2.4,
      37.33,
      0.0,
      48.68,
      22.23,
      3.15,
      22.39
    ],
    [
      4.77,
      25.04,
      22.4,
      26.22,
      38.58,
      0.11,
      44.42,
      26.52,
      21.03,
      5.98,
      48.68,
      0.0,
      44.62,
      23.54,
      30.82
    ],
    [
      43.28,
      33.08,
      31.66,
      46.09,
      24.13,
      5.92,
      25.22,
      44.53,
      10.16,
      33.05,
      22.23,
      44.62,
      0.0,
      2.32,
      5.23
    ],
    [
      43.46,
      39.87,
      46.31,
      34.46,
      8.36,
      43.45,
      35.54,
      36.85,
      21.13,
      20.21,
      3.15,
      23.54,
      2.32,
      0.0,
      2.55
    ],
    [
      12.4,
      3.17,
      24.2,
      10.66,
      7.88,
      27.22,
      22.34,
      17.64,
      10.29,
      34.83,
      22.39,
      30.82,
      5.23,
      2.55,
      0.0
    ]
  ],
  "distancia": [
    [
      0.0,
      14.72,
      7.6,
      17.95,
      12.74,
      2.32
    ],
    [
      14.72,
      0.0,
      19.84,
      12.26,
      1.63,
      3.57
    ],
    [
      7.6,
      19.84,
      0.0,
      16.6,
      17.79,
      15.06
    ],
    [
      17.95,
      12.26,
      16.6,
      0.0,
      4.22,
      7.22
    ],
    [
      12.74,
      1.63,
      17.79,
      4.22,
      0.0,
      12.48
    ],
    [
      2.32,
      3.57,
      15.06,
      7.22,
      12.48,
      0.0
    ]
  ],
  "consumo": [
    [
      9.05,
      7.08,
      5.77,
      3.63,
      6.07,
      4.63
    ],
    [
      3.38,
      2.81,
      1.27,
      5.26,
      8.27,
      2.07
    ],
    [
      9.95,
      7.85,
      7.64,
      3.88,
      7.96,
      6.35
    ],
    [
      5.44,
      1.18,
      1.69,
      6.86,
      1.68,
      8.97
    ],
    [
      1.76,
      8.45,
      6.21,
      6.57,
      6.28,
      1.22
    ],
    [
      6.58,
      3.88,
      8.66,
      4.71,
      1.12,
      5.95
    ],
    [
      6.89,
      7.99,
      9.44,
      8.99,
      5.0,
      1.96
    ],
    [
      3.51,
      7.17,
      5.75,
      3.46,
      1.96,
      8.22
    ],
    [
      5.85,
      6.3,
      6.97,
      4.18,
      3.53,
      8.47
    ],
    [
      6.92,
      2.59,
      9.74,
      9.45,
      5.85,
      1.88
    ],
    [
      7.31,
      1.67,
      7.96,
      6.16,
      7.51,
      8.08
    ],
    [
      9.46,
      9.82,
      7.51,
      7.61,
      7.19,
      6.3
    ],
    [
      6.97,
      4.99,
      5.06,
      3.06,
      7.73,
      7.88
    ],
    [
      4.7,
      1.4,
      6.34,
      4.84,
      9.85,
      4.76
    ],
    [
      5.44,
      3.06,
      8.77,
      1.38,
      8.7,
      9.34
    ]
  ],
  "capacidade": [
    31.07,
    25.41,
    32.93,
    26.68,
    29.57,
    28.69
  ]
}