{
  "nome": "medio_folgado_s789",
  "n_entidades": 15,
  "n_locais": 6,
  "fator_cap": 2.0,
  "seed": 789,
  "custo_linear": [
    [
      48.39,
      64.17,
      49.59,
      39.7,
      31.74,
      31.52
    ],
    [
      52.66,
      61.04,
      72.52,
      36.45,
      31.39,
      36.95
    ],
    [
      20.2,
      55.84,
      22.67,
      46.45,
      21.71,
      51.93
    ],
    [
      18.21,
      66.78,
      72.4,
      9.24,
      59.69,
      95.18
    ],
    [
      73.61,
      45.52,
      21.82,
      44.13,
      91.32,
      19.99
    ],
    [
      35.35,
      61.03,
      47.06,
      59.75,
      83.85,
      67.65
    ],
    [
      66.6,
      47.97,
      87.67,
      33.99,
      52.82,
      29.5
    ],
    [
      93.94,
      10.89,
      80.45,
      37.92,
      14.52,
      49.26
    ],
    [
      76.85,
      98.93,
      32.31,
      98.58,
      65.3,
      86.36
    ],
    [
      87.94,
      39.9,
      66.92,
      48.52,
      53.25,
      71.34
    ],
    [
      16.94,
      5.36,
      52.94,
      75.82,
      59.33,
      41.34
    ],
    [
      3.4,
      52.23,
      43.59,
      1.11,
      90.14,
      84.53
    ],
    [
      29.09,
      81.86,
      41.34,
      94.9,
      78.56,
      9.87
    ],
    [
      55.27,
      22.64,
      81.64,
      77.89,
      14.7,
      13.29
    ],
    [
      92.91,
      15.56,
      98.47,
      66.62,
      6.93,
      50.29
    ]
  ],
  "fluxo": [
    [
      0.0,
      5.87,
      1.27,
      35.16,
      17.58,
      13.8,
      19.67,
      12.72,
      49.9,
      45.97,
      43.52,
      22.1,
      7.93,
      17.88,
      46.95
    ],
    [
      5.87,
      0.0,
      20.3,
      9.47,
      6.08,
      30.74,
      25.13,
      6.92,
      14.15,
      44.65,
      3.93,
      15.72,
      20.87,
      13.74,
      21.71
    ],
    [
      1.27,
      20.3,
      0.0,
      18.97,
      5.35,
      43.61,
      8.76,
      29.89,
      4.46,
      12.26,
      7.04,
      33.38,
      41.79,
      46.94,
      1.67
    ],
    [
      35.16,
      9.47,
      18.97,
      0.0,
      20.13,
      25.43,
      45.19,
      9.93,
      22.05,
      45.91,
      23.05,
      39.47,
      37.98,
      10.16,
      19.43
    ],
    [
      17.58,
      6.08,
      5.35,
      20.13,
      0.0,
      23.7,
      48.43,
      13.44,
      21.94,
      22.54,
      39.3,
      39.68,
      19.73,
      34.02,
      44.86
    ],
    [
      13.8,
      30.74,
      43.61,
      25.43,
      23.7,
      0.0,
      20.13,
      13.91,
      23.91,
      0.59,
      49.81,
      29.53,
      0.72,
      7.83,
      16.82
    ],
    [
      19.67,
      25.13,
      8.76,
      45.19,
      48.43,
      20.13,
      0.0,
      25.04,
      32.09,
      41.56,
      15.63,
      35.05,
      34.29,
      5.59,
      21.78
    ],
    [
      12.72,
      6.92,
      29.89,
      9.93,
      13.44,
      13.91,
      25.04,
      0.0,
      10.14,
      2.74,
      47.35,
      1.16,
      26.83,
      43.49,
      33.44
    ],
    [
      49.9,
      14.15,
      4.46,
      22.05,
      21.94,
      23.91,
      32.09,
      10.14,
      0.0,
      7.53,
      18.28,
      47.22,
      2.76,
      11.79,
      19.27
    ],
    [
      45.97,
      44.65,
      12.26,
      45.91,
      22.54,
      0.59,
      41.56,
      2.74,
      7.53,
      0.0,
      22.62,
      31.13,
      35.79,
      48.07,
      3.91
    ],
    [
      43.52,
      3.93,
      7.04,
      23.05,
      39.3,
      49.81,
      15.63,
      47.35,
      18.28,
      22.62,
      0.0,
      44.81,
      19.47,
      19.64,
      39.2
    ],
    [
      22.1,
      15.72,
      33.38,
      39.47,
      39.68,
      29.53,
      35.05,
      1.16,
      47.22,
      31.13,
      44.81,
      0.0,
      21.25,
      22.79,
      26.61
    ],
    [
      7.93,
      20.87,
      41.79,
      37.98,
      19.73,
      0.72,
      34.29,
      26.83,
      2.76,
      35.79,
      19.47,
      21.25,
      0.0,
      36.84,
      42.23
    ],
    [
      17.88,
      13.74,
      46.94,
      10.16,
      34.02,
      7.83,
      5.59,
      43.49,
      11.79,
      48.07,
      19.64,
      22.79,
      36.84,
      0.0,
      23.47
    ],
    [
      46.95,
      21.71,
      1.67,
      19.43,
      44.86,
      16.82,
      21.78,
      33.44,
      19.27,
      3.91,
      39.2,
      26.61,
      42.23,
      23.47,
      0.0
    ]
  ],
  "distancia": [
    [
      0.0,
      12.08,
      8.44,
      7.21,
      1.86,
      1.71
    ],
    [
      12.08,
      0.0,
      19.92,
      9.73,
      11.34,
      12.58
    ],
    [
      8.44,
      19.92,
      0.0,
      11.69,
      6.2,
      15.65
    ],
    [
      7.21,
      9.73,
      11.69,
      0.0,
      18.88,
      12.23
    ],
    [
      1.86,
      11.34,
      6.2,
      18.88,
      0.0,
      12.54
    ],
    [
      1.71,
      12.58,
      15.65,
      12.23,
      12.54,
      0.0
    ]
  ],
  "consumo": [
    [
      6.95,
      2.66,
      3.04,
      4.9,
      2.53,
      6.63
    ],
    [
      8.33,
      2.16,
      1.23,
      2.84,
      9.41,
      2.38
    ],
    [
      4.8,
      7.02,
      6.69,
      4.02,
      1.14,
      9.71
    ],
    [
      9.6,
      1.0,
      9.42,
      7.27,
      3.65,
      4.41
    ],
    [
      7.5,
      2.99,
      8.05,
      1.46,
      9.39,
      3.3
    ],
    [
      7.84,
      1.22,
      6.84,
      2.04,
      2.62,
      2.57
    ],
    [
      4.82,
      1.22,
      8.31,
      9.98,
      5.0,
      3.84
    ],
    [
      3.32,
      1.01,
      5.81,
      5.72,
      5.23,
      9.22
    ],
    [
      1.14,
      2.92,
      1.67,
      8.57,
      1.18,
      9.84
    ],
    [
      4.24,
      6.36,
      7.89,
      4.09,
      4.1,
      2.06
    ],
    [
      6.04,
      1.43,
      3.15,
      8.4,
      6.83,
      4.55
    ],
    [
      8.63,
      8.32,
      2.76,
      4.69,
      5.26,
      8.17
    ],
    [
      6.88,
      1.42,
      1.85,
      6.25,
      6.94,
      3.65
    ],
    [
      3.28,
      4.9,
      8.84,
      9.53,
      8.58,
      2.75
    ],
    [
      6.14,
      3.04,
      6.89,
      3.74,
      3.16,
      4.43
    ]
  ],
  "capacidade": [
    29.84,
    15.89,
    27.48,
    27.83,
    25.01,
    25.84
  ]
}