{
  "nome": "medio_folgado_s123",
  "n_entidades": 15,
  "n_locais": 6,
  "fator_cap": 2.0,
  "seed": 123,
  "custo_linear": [
    [
      6.18,
      9.63,
      41.32,
      11.66,
      90.22,
      4.78
    ],
    [
      54.08,
      33.89,
      85.36,
      16.81,
      34.38,
      34.05
    ],
    [
      25.27,
      1.17,
      44.19,
      9.67,
      60.16,
      7.92
    ],
    [
      32.23,
      45.38,
      90.63,
      10.18,
      15.08,
      79.22
    ],
    [
      3.1,
      91.2,
      57.77,
      27.27,
      83.95,
      77.11
    ],
    [
      35.0,
      80.35,
      21.48,
      61.28,
      53.18,
      81.12
    ],
    [
      32.21,
      40.43,
      77.16,
      51.76,
      68.8,
      64.2
    ],
    [
      67.0,
      89.12,
      49.13,
      67.18,
      38.08,
      4.15
    ],
    [
      75.66,
      18.97,
      82.2,
      91.45,
      66.15,
      17.84
    ],
    [
      34.35,
      39.73,
      8.26,
      46.22,
      57.74,
      34.27
    ],
    [
      19.72,
      9.73,
      63.2,
      2.27,
      35.84,
      23.68
    ],
    [
      53.67,
      72.64,
      91.01,
      64.24,
      99.19,
      96.44
    ],
    [
      63.37,
      24.1,
      48.9,
      18.58,
      99.2,
      45.01
    ],
    [
      75.41,
      5.37,
      14.34,
      20.12,
      26.38,
      35.85
    ],
    [
      27.92,
      43.99,
      42.62,
      11.75,
      7.2,
      36.15
    ]
  ],
  "fluxo": [
    [
      0.0,
      4.44,
      21.66,
      0.43,
      26.79,
      3.67,
      34.71,
      20.21,
      49.27,
      13.13,
      23.63,
      37.54,
      16.74,
      17.42,
      31.96
    ],
    [
      4.44,
      0.0,
      48.48,
      44.19,
      20.95,
      35.89,
      33.95,
      18.61,
      11.75,
      3.92,
      43.95,
      2.86,
      25.93,
      26.88,
      7.31
    ],
    [
      21.66,
      48.48,
      0.0,
      32.8,
      45.79,
      38.81,
      19.46,
      6.32,
      48.75,
      25.86,
      31.48,
      40.11,
      19.31,
      3.1,
      6.8
    ],
    [
      0.43,
      44.19,
      32.8,
      0.0,
      33.42,
      17.48,
      43.55,
      37.01,
      49.02,
      33.44,
      15.19,
      39.56,
      1.41,
      26.08,
      43.57
    ],
    [
      26.79,
      20.95,
      45.79,
      33.42,
      0.0,
      25.74,
      6.87,
      25.01,
      27.27,
      18.45,
      44.67,
      17.0,
      13.59,
      25.32,
      10.16
    ],
    [
      3.67,
      35.89,
      38.81,
      17.48,
      25.74,
      0.0,
      16.1,
      19.91,
      46.91,
      4.02,
      9.85,
      9.97,
      49.76,
      44.54,
      9.71
    ],
    [
      34.71,
      33.95,
      19.46,
      43.55,
      6.87,
      16.1,
      0.0,
      28.23,
      4.26,
      15.85,
      17.06,
      26.88,
      46.47,
      40.45,
      26.71
    ],
    [
      20.21,
      18.61,
      6.32,
      37.01,
      25.01,
      19.91,
      28.23,
      0.0,
      39.3,
      24.2,
      36.53,
      38.85,
      12.84,
      41.64,
      28.9
    ],
    [
      49.27,
      11.75,
      48.75,
      49.02,
      27.27,
      46.91,
      4.26,
      39.3,
      0.0,
      24.31,
      19.79,
      11.21,
      25.06,
      6.31,
      31.74
    ],
    [
      13.13,
      3.92,
      25.86,
      33.44,
      18.45,
      4.02,
      15.85,
      24.2,
      24.31,
      0.0,
      44.91,
      39.53,
      30.46,
      24.72,
      34.79
    ],
    [
      23.63,
      43.95,
      31.48,
      15.19,
      44.67,
      9.85,
      17.06,
      36.53,
      19.79,
      44.91,
      0.0,
      6.12,
      2.62,
      43.08,
      18.09
    ],
    [
      37.54,
      2.86,
      40.11,
      39.56,
      17.0,
      9.97,
      26.88,
      38.85,
      11.21,
      39.53,
      6.12,
      0.0,
      33.45,
      21.04,
      17.93
    ],
    [
      16.74,
      25.93,
      19.31,
      1.41,
      13.59,
      49.76,
      46.47,
      12.84,
      25.06,
      30.46,
      2.62,
      33.45,
      0.0,
      38.51,
      17.15
    ],
    [
      17.42,
      26.88,
      3.1,
      26.08,
      25.32,
      44.54,
      40.45,
      41.64,
      6.31,
      24.72,
      43.08,
      21.04,
      38.51,
      0.0,
      37.69
    ],
    [
      31.96,
      7.31,
      6.8,
      43.57,
      10.16,
      9.71,
      26.71,
      28.9,
      31.74,
      34.79,
      18.09,
      17.93,
      17.15,
      37.69,
      0.0
    ]
  ],
  "distancia": [
    [
      0.0,
      16.59,
      4.43,
      19.57,
      2.19,
      8.88
    ],
    [
      16.59,
      0.0,
      10.51,
      16.76,
      4.32,
      11.62
    ],
    [
      4.43,
      10.51,
      0.0,
      8.0,
      18.51,
      3.32
    ],
    [
      19.57,
      16.76,
      8.0,
      0.0,
      6.04,
      16.58
    ],
    [
      2.19,
      4.32,
      18.51,
      6.04,
      0.0,
      7.12
    ],
    [
      8.88,
      11.62,
      3.32,
      16.58,
      7.12,
      0.0
    ]
  ],
  "consumo": [
    [
      9.5,
      1.46,
      4.5,
      1.97,
      6.16,
      9.67
    ],
    [
      3.92,
      6.82,
      3.39,
      4.95,
      6.14,
      3.24
    ],
    [
      7.21,
      5.51,
      9.15,
      3.48,
      9.59,
      2.64
    ],
    [
      1.18,
      6.94,
      7.6,
      5.3,
      1.38,
      9.98
    ],
    [
      2.27,
      8.83,
      9.02,
      2.99,
      8.78,
      5.17
    ],
    [
      9.1,
      8.99,
      7.97,
      3.6,
      6.22,
      9.83
    ],
    [
      3.89,
      4.48,
      7.19,
      1.56,
      3.28,
      2.51
    ],
    [
      4.74,
      4.82,
      6.46,
      5.47,
      2.48,
      1.42
    ],
    [
      5.72,
      7.87,
      9.34,
      8.56,
      3.72,
      8.79
    ],
    [
      5.21,
      3.54,
      1.83,
      4.98,
      5.9,
      3.51
    ],
    [
      2.76,
      9.47,
      1.61,
      9.45,
      4.66,
      8.12
    ],
    [
      2.0,
      6.13,
      7.86,
      4.92,
      4.21,
      5.44
    ],
    [
      2.75,
      2.9,
      3.17,
      1.34,
      9.19,
      1.66
    ],
    [
      9.34,
      1.1,
      6.91,
      5.92,
      1.38,
      9.47
    ],
    [
      7.58,
      8.91,
      4.92,
      3.62,
      2.67,
      2.01
    ]
  ],
  "capacidade": [
    25.72,
    29.26,
    30.31,
    22.7,
    25.25,
    27.82
  ]
}