{
  "nome": "pequeno_folgado_s1001",
  "n_entidades": 5,
  "n_locais": 3,
  "fator_cap": 2.0,
  "seed": 1001,
  "custo_linear": [
    [
      79.87,
      6.8,
      76.26
    ],
    [
      86.41,
      10.04,
      90.35
    ],
    [
      78.8,
      41.26,
      38.07
    ],
    [
      65.25,
      40.69,
      57.64
    ],
    [
      61.17,
      6.02,
      73.97
    ]
  ],
  "fluxo": [
    [
      0.0,
      35.42,
      46.11,
      35.75,
      32.79
    ],
    [
      35.42,
      0.0,
      36.86,
      9.38,
      25.1
    ],
    [
      46.11,
      36.86,
      0.0,
      44.75,
      46.32
    ],
    [
      35.75,
      9.38,
      44.75,
      0.0,
      0.95
    ],
    [
      32.79,
      25.1,
      46.32,
      0.95,
      0.0
    ]
  ],
  "distancia": [
    [
      0.0,
      17.68,
      13.09
    ],
    [
      17.68,
      0.0,
      8.73
    ],
    [
      13.09,
      8.73,
      0.0
    ]
  ],
  "consumo": [
    [
      2.17,
      8.76,
      3.28
    ],
    [
      6.34,
      1.68,
      6.01
    ],
    [
      4.53,
      3.76,
      2.5
    ],
    [
      1.32,
      8.86,
      6.47
    ],
    [
      1.05,
      6.21,
      7.9
    ]
  ],
  "capacidade": [
    10.27,
    19.51,
    17.44
  ]
}