{
  "nome": "pequeno_medio_s789",
  "n_entidades": 5,
  "n_locais": 3,
  "fator_cap": 1.5,
  "seed": 789,
  "custo_linear": [
    [
      48.39,
      64.17,
      49.59
    ],
    [
      39.7,
      31.74,
      31.52
    ],
    [
      52.66,
      61.04,
      72.52
    ],
    [
      36.45,
      31.39,
      36.95
    ],
    [
      20.2,
      55.84,
      22.67
    ]
  ],
  "fluxo": [
    [
      0.0,
      22.95,
      10.46,
      25.72,
      8.69
    ],
    [
      22.95,
      0.0,
      33.22,
      36.06,
      4.16
    ],
    [
      10.46,
      33.22,
      0.0,
      29.64,
      47.56
    ],
    [
      25.72,
      36.06,
      29.64,
      0.0,
      36.67
    ],
    [
      8.69,
      4.16,
      47.56,
      36.67,
      0.0
    ]
  ],
  "distancia": [
    [
      0.0,
      9.54,
      4.99
    ],
    [
      9.54,
      0.0,
      9.28
    ],
    [
      4.99,
      9.28,
      0.0
    ]
  ],
  "consumo": [
    [
      9.21,
      2.73,
      4.12
    ],
    [
      6.46,
      5.19,
      6.34
    ],
    [
      8.53,
      7.06,
      6.96
    ],
    [
      5.27,
      8.88,
      4.0
    ],
    [
      5.71,
      3.59,
      9.45
    ]
  ],
  "capacidade": [
    17.59,
    13.73,
    15.43
  ]
}