{
  "nome": "pequeno_apertado_s123",
  "n_entidades": 5,
  "n_locais": 3,
  "fator_cap": 1.1,
  "seed": 123,
  "custo_linear": [
    [
      6.18,
      9.63,
      41.32
    ],
    [
      11.66,
      90.22,
      4.78
    ],
    [
      54.08,
      33.89,
      85.36
    ],
    [
      16.81,
      34.38,
      34.05
    ],
    [
      25.27,
      1.17,
      44.19
    ]
  ],
  "fluxo": [
    [
      0.0,
      4.38,
      29.88,
      3.49,
      15.77
    ],
    [
      4.38,
      0.0,
      22.42,
      45.27,
      4.64
    ],
    [
      29.88,
      22.42,
      0.0,
      7.11,
      39.5
    ],
    [
      3.49,
      45.27,
      7.11,
      0.0,
      1.06
    ],
    [
      15.77,
      4.64,
      39.5,
      1.06,
      0.0
    ]
  ],
  "distancia": [
    [
      0.0,
      18.31,
      11.89
    ],
    [
      18.31,
      0.0,
      6.04
    ],
    [
      11.89,
      6.04,
      0.0
    ]
  ],
  "consumo": [
    [
      8.54,
      7.92,
      4.09
    ],
    [
      8.21,
      2.86,
      6.48
    ],
    [
      5.74,
      8.28,
      3.84
    ],
    [
      4.58,
      7.92,
      5.61
    ],
    [
      7.16,
      6.75,
      7.0
    ]
  ],
  "capacidade": [
    12.55,
    12.37,
    9.91
  ]
}